1998,2,1,0,5,-4.18,01,-1.00,01,-4.75,01,9900.00,99,9900.00,99
1998,2,1,0,10,-4.22,01,-1.05,01,-4.70,01,9900.00,99,9900.00,99
1998,2,1,0,15,-3.91,01,-1.05,01,-4.52,01,9900.00,99,9900.00,99
1998,2,1,0,20,-3.40,01,-.91,01,-4.08,01,9900.00,99,9900.00,99
1998,2,1,0,25,-3.43,01,-.87,01,-3.95,01,9900.00,99,9900.00,99
1998,2,1,0,30,-3.80,01,-.83,01,-4.21,01,9900.00,99,9900.00,99
1998,2,1,0,35,-4.18,01,-.84,01,-4.77,01,9900.00,99,9900.00,99
1998,2,1,0,40,-3.63,01,-.82,01,-4.14,01,9900.00,99,9900.00,99
1998,2,1,0,45,-3.39,01,-.81,01,-3.88,01,9900.00,99,9900.00,99
1998,2,1,0,50,-3.82,01,-.80,01,-4.43,01,9900.00,99,9900.00,99
1998,2,1,0,55,-3.42,01,-.77,01,-3.80,01,9900.00,99,9900.00,99
1998,2,1,1,0,-3.65,01,-.77,01,-4.20,01,9900.00,99,9900.00,99
1998,2,1,1,5,-3.71,01,-.80,01,-4.39,01,9900.00,99,9900.00,99
1998,2,1,1,10,-3.72,01,-.78,01,-4.43,01,9900.00,99,9900.00,99
1998,2,1,1,15,-4.36,01,-.79,01,-5.10,01,9900.00,99,9900.00,99
1998,2,1,1,20,-3.65,01,-.78,01,-4.18,01,9900.00,99,9900.00,99
1998,2,1,1,25,-3.55,01,-.77,01,-4.05,01,9900.00,99,9900.00,99
1998,2,1,1,30,-3.02,01,-.75,01,-3.54,01,9900.00,99,9900.00,99
1998,2,1,1,35,-2.51,01,-.41,01,-2.97,01,9900.00,99,9900.00,99
1998,2,1,1,40,-2.19,01,-.04,01,-2.74,01,9900.00,99,9900.00,99
1998,2,1,1,45,-2.21,01,-.01,01,-2.77,01,9900.00,99,9900.00,99
1998,2,1,1,50,-2.40,01,.14,01,-2.91,01,9900.00,99,9900.00,99
1998,2,1,1,55,-1.35,01,.26,01,-1.91,01,9900.00,99,9900.00,99
1998,2,1,2,0,-2.69,01,-.01,01,-3.23,01,9900.00,99,9900.00,99
1998,2,1,2,5,-3.47,01,-.23,01,-4.06,01,9900.00,99,9900.00,99
1998,2,1,2,10,-2.34,01,-.02,01,-2.84,01,9900.00,99,9900.00,99
1998,2,1,2,15,-2.85,01,-.35,01,-3.29,01,9900.00,99,9900.00,99
1998,2,1,2,20,-2.85,01,-.45,01,-3.42,01,9900.00,99,9900.00,99
1998,2,1,2,25,-2.44,01,-.38,01,-2.95,01,9900.00,99,9900.00,99
1998,2,1,2,30,-2.54,01,-.21,01,-3.15,01,9900.00,99,9900.00,99
1998,2,1,2,35,-2.85,01,-.50,01,-3.40,01,9900.00,99,9900.00,99
1998,2,1,2,40,-2.93,01,-.67,01,-3.33,01,9900.00,99,9900.00,99
1998,2,1,2,45,-2.71,01,-.23,01,-3.14,01,9900.00,99,9900.00,99
1998,2,1,2,50,-2.86,01,-.30,01,-3.19,01,9900.00,99,9900.00,99
1998,2,1,2,55,-3.19,01,-.59,01,-3.80,01,9900.00,99,9900.00,99
1998,2,1,3,0,-3.55,01,-.75,01,-4.07,01,9900.00,99,9900.00,99
1998,2,1,3,5,-3.81,01,-.77,01,-4.41,01,9900.00,99,9900.00,99
1998,2,1,3,10,-3.48,01,-.77,01,-4.06,01,9900.00,99,9900.00,99
1998,2,1,3,15,-3.33,01,-.30,01,-3.81,01,9900.00,99,9900.00,99
1998,2,1,3,20,-3.18,01,-.12,01,-3.71,01,9900.00,99,9900.00,99
1998,2,1,3,25,-3.36,01,-.15,01,-3.80,01,9900.00,99,9900.00,99
1998,2,1,3,30,-3.70,01,-.28,01,-4.28,01,9900.00,99,9900.00,99
1998,2,1,3,35,-2.99,01,-.06,01,-3.36,01,9900.00,99,9900.00,99
1998,2,1,3,40,-2.98,01,.06,01,-3.48,01,9900.00,99,9900.00,99
1998,2,1,3,45,-3.07,01,.14,01,-3.44,01,9900.00,99,9900.00,99
1998,2,1,3,50,-3.19,01,-.01,01,-3.60,01,9900.00,99,9900.00,99
1998,2,1,3,55,-3.59,01,-.12,01,-4.14,01,9900.00,99,9900.00,99
1998,2,1,4,0,-3.63,01,-.04,01,-3.94,01,9900.00,99,9900.00,99
1998,2,1,4,5,-3.65,01,-.01,01,-3.88,01,9900.00,99,9900.00,99
1998,2,1,4,10,-3.32,01,.12,01,-3.62,01,9900.00,99,9900.00,99
1998,2,1,4,15,-2.98,01,.46,01,-3.27,01,9900.00,99,9900.00,99
1998,2,1,4,20,-3.08,01,.75,01,-3.19,01,9900.00,99,9900.00,99
1998,2,1,4,25,-4.40,01,.32,01,-4.41,01,9900.00,99,9900.00,99
1998,2,1,4,30,-5.52,01,-.23,01,-5.56,01,9900.00,99,9900.00,99
1998,2,1,4,35,-4.93,01,-.14,01,-5.03,01,9900.00,99,9900.00,99
1998,2,1,4,40,-5.61,01,-.04,01,-5.79,01,9900.00,99,9900.00,99
1998,2,1,4,45,-5.86,01,-.19,01,-6.15,01,9900.00,99,9900.00,99
1998,2,1,4,50,-5.82,01,-.09,01,-5.94,01,9900.00,99,9900.00,99
1998,2,1,4,55,-5.17,01,-.02,01,-5.22,01,9900.00,99,9900.00,99
1998,2,1,5,0,-4.77,01,0.00,01,-4.97,01,9900.00,99,9900.00,99
1998,2,1,5,5,-5.56,01,-.08,01,-5.85,01,9900.00,99,9900.00,99
1998,2,1,5,10,-5.68,01,-.09,01,-5.78,01,9900.00,99,9900.00,99
1998,2,1,5,15,-5.24,01,-.10,01,-5.24,01,9900.00,99,9900.00,99
1998,2,1,5,20,-5.60,01,-.35,01,-5.78,01,9900.00,99,9900.00,99
1998,2,1,5,25,-5.91,01,-.62,01,-6.32,01,9900.00,99,9900.00,99
1998,2,1,5,30,-5.83,01,-.44,01,-5.82,01,9900.00,99,9900.00,99
1998,2,1,5,35,-5.55,01,-.14,01,-5.71,01,9900.00,99,9900.00,99
1998,2,1,5,40,-5.10,01,-.10,01,-5.13,01,9900.00,99,9900.00,99
1998,2,1,5,45,-5.32,01,-.03,01,-5.37,01,9900.00,99,9900.00,99
1998,2,1,5,50,-5.54,01,-.01,01,-5.74,01,9900.00,99,9900.00,99
1998,2,1,5,55,-4.83,01,-.02,01,-4.95,01,9900.00,99,9900.00,99
1998,2,1,6,0,-4.39,01,0.00,01,-4.33,01,9900.00,99,9900.00,99
1998,2,1,6,5,-4.32,01,0.00,01,-4.19,01,9900.00,99,9900.00,99
1998,2,1,6,10,-4.66,01,-.03,01,-4.74,01,9900.00,99,9900.00,99
1998,2,1,6,15,-5.05,01,-.06,01,-5.17,01,9900.00,99,9900.00,99
1998,2,1,6,20,-5.30,01,-.27,01,-5.33,01,9900.00,99,9900.00,99
1998,2,1,6,25,-5.30,01,-.18,01,-5.27,01,9900.00,99,9900.00,99
1998,2,1,6,30,-5.05,01,-.08,01,-5.08,01,9900.00,99,9900.00,99
1998,2,1,6,35,-5.13,01,-.05,01,-5.23,01,9900.00,99,9900.00,99
1998,2,1,6,40,-4.61,01,-.10,01,-4.93,01,9900.00,99,9900.00,99
1998,2,1,6,45,-4.82,01,-.12,01,-5.00,01,9900.00,99,9900.00,99
1998,2,1,6,50,-5.01,01,-.17,01,-5.12,01,9900.00,99,9900.00,99
1998,2,1,6,55,-4.65,01,-.12,01,-4.55,01,9900.00,99,9900.00,99
1998,2,1,7,0,-4.39,01,-.17,01,-4.27,01,9900.00,99,9900.00,99
1998,2,1,7,5,-4.76,01,-.41,01,-4.85,01,9900.00,99,9900.00,99
1998,2,1,7,10,-4.66,01,-.29,01,-4.61,01,9900.00,99,9900.00,99
1998,2,1,7,15,-4.20,01,-.17,01,-4.29,01,9900.00,99,9900.00,99
1998,2,1,7,20,-2.66,01,-.19,01,-2.97,01,9900.00,99,9900.00,99
1998,2,1,7,25,-.54,01,-.01,01,-.87,01,9900.00,99,9900.00,99
1998,2,1,7,30,1.55,01,0.00,01,1.04,01,9900.00,99,9900.00,99
1998,2,1,7,35,3.15,01,-.01,01,2.74,01,9900.00,99,9900.00,99
1998,2,1,7,40,6.08,01,-.10,01,5.72,01,9900.00,99,9900.00,99
1998,2,1,7,45,9.31,01,-.06,01,8.43,01,9900.00,99,9900.00,99
1998,2,1,7,50,11.89,01,-.08,01,11.63,01,9900.00,99,9900.00,99
1998,2,1,7,55,14.65,01,-.18,01,14.45,01,9900.00,99,9900.00,99
1998,2,1,8,0,29.14,01,-.03,01,19.17,01,9900.00,99,9900.00,99
1998,2,1,8,5,66.31,01,.10,01,22.88,01,9900.00,99,9900.00,99
1998,2,1,8,10,79.62,01,.48,01,24.44,01,9900.00,99,9900.00,99
1998,2,1,8,15,93.62,01,.13,01,26.96,01,9900.00,99,9900.00,99
1998,2,1,8,20,107.56,01,-.14,01,28.62,01,9900.00,99,9900.00,99
1998,2,1,8,25,122.03,01,-.33,01,30.69,01,9900.00,99,9900.00,99
1998,2,1,8,30,136.36,01,-.35,01,32.07,01,9900.00,99,9900.00,99
1998,2,1,8,35,150.82,91,-.40,90,33.75,90,9900.00,99,9900.00,99
1998,2,1,8,40,166.36,91,-.71,90,35.78,90,9900.00,99,9900.00,99
1998,2,1,8,45,180.91,91,-.58,90,37.29,90,9900.00,99,9900.00,99
1998,2,1,8,50,196.43,91,-.42,90,38.75,90,9900.00,99,9900.00,99
1998,2,1,8,55,207.65,91,-.75,90,40.21,90,9900.00,99,9900.00,99
1998,2,1,9,0,229.69,91,-.84,90,42.97,90,9900.00,99,9900.00,99
1998,2,1,9,5,244.85,91,-.73,90,44.90,90,9900.00,99,9900.00,99
1998,2,1,9,10,259.86,91,-.74,90,46.59,90,9900.00,99,9900.00,99
1998,2,1,9,15,274.79,91,-.56,90,49.18,90,9900.00,99,9900.00,99
1998,2,1,9,20,284.21,91,-.64,90,51.87,90,9900.00,99,9900.00,99
1998,2,1,9,25,311.11,91,-.51,90,54.72,90,9900.00,99,9900.00,99
1998,2,1,9,30,320.61,91,-.50,90,55.67,90,9900.00,99,9900.00,99
1998,2,1,9,35,341.33,91,-.64,90,56.38,90,9900.00,99,9900.00,99
1998,2,1,9,40,342.73,91,-1.04,90,57.47,90,9900.00,99,9900.00,99
1998,2,1,9,45,378.38,91,-.96,90,60.87,90,9900.00,99,9900.00,99
1998,2,1,9,50,403.87,91,-.92,90,65.12,90,9900.00,99,9900.00,99
1998,2,1,9,55,408.76,91,-.54,90,68.59,90,9900.00,99,9900.00,99
1998,2,1,10,0,399.13,91,-.84,90,71.74,90,9900.00,99,9900.00,99
1998,2,1,10,5,427.60,91,-1.04,90,75.02,90,9900.00,99,9900.00,99
1998,2,1,10,10,413.15,91,-1.24,90,74.97,90,9900.00,99,9900.00,99
1998,2,1,10,15,446.64,91,-.73,90,74.78,90,9900.00,99,9900.00,99
1998,2,1,10,20,474.67,91,-.77,90,74.11,90,9900.00,99,9900.00,99
1998,2,1,10,25,495.04,91,-.87,90,80.88,90,9900.00,99,9900.00,99
1998,2,1,10,30,507.25,91,-.67,90,89.99,90,9900.00,99,9900.00,99
1998,2,1,10,35,481.56,91,-.46,90,91.78,90,9900.00,99,9900.00,99
1998,2,1,10,40,515.78,91,-.28,90,94.22,90,9900.00,99,9900.00,99
1998,2,1,10,45,550.18,91,.05,90,97.12,90,9900.00,99,9900.00,99
1998,2,1,10,50,544.61,91,-.39,90,102.52,90,9900.00,99,9900.00,99
1998,2,1,10,55,563.94,91,-.46,90,116.01,90,9900.00,99,9900.00,99
1998,2,1,11,0,510.55,91,-1.50,90,141.52,90,9900.00,99,9900.00,99
1998,2,1,11,5,366.45,91,-2.71,90,174.44,90,9900.00,99,9900.00,99
1998,2,1,11,10,265.14,35,-2.98,34,202.04,34,9900.00,99,9900.00,99
1998,2,1,11,15,386.84,91,-1.72,90,214.52,90,9900.00,99,9900.00,99
1998,2,1,11,20,448.85,91,-.67,90,194.20,90,9900.00,99,9900.00,99
1998,2,1,11,25,537.78,91,.21,90,160.71,90,9900.00,99,9900.00,99
1998,2,1,11,30,591.74,91,.32,90,133.69,90,9900.00,99,9900.00,99
1998,2,1,11,35,575.66,91,-.16,90,117.22,90,9900.00,99,9900.00,99
1998,2,1,11,40,583.67,91,-.44,90,119.12,90,9900.00,99,9900.00,99
1998,2,1,11,45,634.34,91,-.33,90,126.72,90,9900.00,99,9900.00,99
1998,2,1,11,50,632.85,91,-.66,90,135.21,90,9900.00,99,9900.00,99
1998,2,1,11,55,624.49,91,-.99,90,147.96,90,9900.00,99,9900.00,99
1998,2,1,12,0,539.41,91,-1.29,90,151.39,90,9900.00,99,9900.00,99
1998,2,1,12,5,640.59,91,-.84,90,161.44,90,9900.00,99,9900.00,99
1998,2,1,12,10,646.29,91,1.01,90,174.96,90,9900.00,99,9900.00,99
1998,2,1,12,15,595.57,91,.02,90,187.09,90,9900.00,99,9900.00,99
1998,2,1,12,20,588.39,91,-.15,90,193.16,90,9900.00,99,9900.00,99
1998,2,1,12,25,611.90,91,-.27,90,192.95,90,9900.00,99,9900.00,99
1998,2,1,12,30,595.05,91,-.85,90,174.69,90,9900.00,99,9900.00,99
1998,2,1,12,35,609.94,91,-1.07,90,151.63,90,9900.00,99,9900.00,99
1998,2,1,12,40,638.53,91,-1.22,90,132.54,90,9900.00,99,9900.00,99
1998,2,1,12,45,601.39,91,-1.61,90,124.30,90,9900.00,99,9900.00,99
1998,2,1,12,50,641.77,91,-1.11,90,119.37,90,9900.00,99,9900.00,99
1998,2,1,12,55,642.24,91,-1.13,90,109.22,90,9900.00,99,9900.00,99
1998,2,1,13,0,645.05,91,-1.18,90,108.75,90,9900.00,99,9900.00,99
1998,2,1,13,5,638.07,91,-1.49,90,105.32,90,9900.00,99,9900.00,99
1998,2,1,13,10,640.25,91,-1.81,90,106.64,90,9900.00,99,9900.00,99
1998,2,1,13,15,619.94,91,-1.75,90,114.72,90,9900.00,99,9900.00,99
1998,2,1,13,20,584.08,91,-2.15,90,136.25,90,9900.00,99,9900.00,99
1998,2,1,13,25,580.25,91,-2.39,90,166.04,90,9900.00,99,9900.00,99
1998,2,1,13,30,534.83,91,-2.36,90,188.55,90,9900.00,99,9900.00,99
1998,2,1,13,35,461.99,91,-2.75,90,189.60,90,9900.00,99,9900.00,99
1998,2,1,13,40,600.26,91,-2.59,90,185.90,90,9900.00,99,9900.00,99
1998,2,1,13,45,537.12,91,-2.43,90,181.78,90,9900.00,99,9900.00,99
1998,2,1,13,50,567.58,91,-1.61,90,168.94,90,9900.00,99,9900.00,99
1998,2,1,13,55,623.16,91,-.80,90,141.47,90,9900.00,99,9900.00,99
1998,2,1,14,0,499.96,91,-1.96,90,127.43,90,9900.00,99,9900.00,99
1998,2,1,14,5,464.98,91,-3.01,90,127.26,90,9900.00,99,9900.00,99
1998,2,1,14,10,501.52,91,-3.67,90,142.13,90,9900.00,99,9900.00,99
1998,2,1,14,15,464.09,91,-4.21,90,172.51,90,9900.00,99,9900.00,99
1998,2,1,14,20,398.01,91,-4.23,90,204.79,90,9900.00,99,9900.00,99
1998,2,1,14,25,538.29,91,-3.36,90,200.54,90,9900.00,99,9900.00,99
1998,2,1,14,30,555.22,91,-2.76,90,166.95,90,9900.00,99,9900.00,99
1998,2,1,14,35,553.66,91,-2.59,90,144.32,90,9900.00,99,9900.00,99
1998,2,1,14,40,546.54,91,-2.83,90,111.00,90,9900.00,99,9900.00,99
1998,2,1,14,45,507.77,91,-2.99,90,78.96,90,9900.00,99,9900.00,99
1998,2,1,14,50,483.41,91,-2.96,90,64.56,90,9900.00,99,9900.00,99
1998,2,1,14,55,469.70,91,-3.64,90,60.20,90,9900.00,99,9900.00,99
1998,2,1,15,0,455.77,91,-3.71,90,57.59,90,9900.00,99,9900.00,99
1998,2,1,15,5,444.26,91,-3.36,90,56.57,90,9900.00,99,9900.00,99
1998,2,1,15,10,431.33,91,-3.32,90,53.74,90,9900.00,99,9900.00,99
1998,2,1,15,15,418.02,91,-3.50,90,53.24,90,9900.00,99,9900.00,99
1998,2,1,15,20,405.88,91,-3.51,90,53.03,90,9900.00,99,9900.00,99
1998,2,1,15,25,390.97,91,-3.69,90,52.52,90,9900.00,99,9900.00,99
1998,2,1,15,30,365.75,91,-3.57,90,52.20,90,9900.00,99,9900.00,99
1998,2,1,15,35,355.51,91,-3.40,90,52.67,90,9900.00,99,9900.00,99
1998,2,1,15,40,342.49,91,-3.52,90,53.19,90,9900.00,99,9900.00,99
1998,2,1,15,45,321.99,91,-3.60,90,53.50,90,9900.00,99,9900.00,99
1998,2,1,15,50,316.17,91,-3.36,90,53.20,90,9900.00,99,9900.00,99
1998,2,1,15,55,294.43,91,-3.48,90,49.79,90,9900.00,99,9900.00,99
1998,2,1,16,0,288.26,91,-3.33,90,48.82,90,9900.00,99,9900.00,99
1998,2,1,16,5,270.48,91,-3.22,90,45.93,90,9900.00,99,9900.00,99
1998,2,1,16,10,251.24,91,-3.46,90,43.03,90,9900.00,99,9900.00,99
1998,2,1,16,15,235.56,91,-3.55,90,41.29,90,9900.00,99,9900.00,99
1998,2,1,16,20,222.04,91,-3.59,90,41.49,90,9900.00,99,9900.00,99
1998,2,1,16,25,205.92,91,-3.16,90,41.14,90,9900.00,99,9900.00,99
1998,2,1,16,30,192.75,91,-2.71,90,40.37,90,9900.00,99,9900.00,99
1998,2,1,16,35,168.22,91,-2.77,90,37.10,90,9900.00,99,9900.00,99
1998,2,1,16,40,159.71,91,-2.22,90,36.19,90,9900.00,99,9900.00,99
1998,2,1,16,45,146.83,91,-2.63,90,33.93,90,9900.00,99,9900.00,99
1998,2,1,16,50,131.54,01,-2.52,01,32.64,01,9900.00,99,9900.00,99
1998,2,1,16,55,115.20,01,-2.53,01,30.99,01,9900.00,99,9900.00,99
1998,2,1,17,0,99.13,01,-2.52,01,28.74,01,9900.00,99,9900.00,99
1998,2,1,17,5,86.83,01,-2.32,01,26.71,01,9900.00,99,9900.00,99
1998,2,1,17,10,72.46,01,-2.23,01,23.55,01,9900.00,99,9900.00,99
1998,2,1,17,15,59.75,01,-2.32,01,21.00,01,9900.00,99,9900.00,99
1998,2,1,17,20,44.68,01,-2.17,01,18.22,01,9900.00,99,9900.00,99
1998,2,1,17,25,30.99,01,-1.99,01,14.94,01,9900.00,99,9900.00,99
1998,2,1,17,30,24.04,01,-1.84,01,12.12,01,9900.00,99,9900.00,99
1998,2,1,17,35,13.77,01,-1.42,01,9.54,01,9900.00,99,9900.00,99
1998,2,1,17,40,5.29,01,-1.53,01,4.94,01,9900.00,99,9900.00,99
1998,2,1,17,45,3.32,01,-1.21,01,3.03,01,9900.00,99,9900.00,99
1998,2,1,17,50,.16,01,-1.22,01,.10,01,9900.00,99,9900.00,99
1998,2,1,17,55,-2.13,01,-1.16,01,-2.18,01,9900.00,99,9900.00,99
1998,2,1,18,0,-3.94,01,-1.16,01,-3.76,01,9900.00,99,9900.00,99
1998,2,1,18,5,-3.24,01,-.90,01,-3.30,01,9900.00,99,9900.00,99
1998,2,1,18,10,-3.55,01,-.82,01,-3.50,01,9900.00,99,9900.00,99
1998,2,1,18,15,-3.64,01,-.84,01,-3.64,01,9900.00,99,9900.00,99
1998,2,1,18,20,-3.40,01,-.78,01,-3.45,01,9900.00,99,9900.00,99
1998,2,1,18,25,-3.38,01,-.86,01,-3.48,01,9900.00,99,9900.00,99
1998,2,1,18,30,-3.54,01,-.84,01,-3.70,01,9900.00,99,9900.00,99
1998,2,1,18,35,-3.47,01,-.82,01,-3.63,01,9900.00,99,9900.00,99
1998,2,1,18,40,-4.40,01,-.96,01,-4.32,01,9900.00,99,9900.00,99
1998,2,1,18,45,-4.27,01,-1.04,01,-4.19,01,9900.00,99,9900.00,99
1998,2,1,18,50,-4.40,01,-.96,01,-4.30,01,9900.00,99,9900.00,99
1998,2,1,18,55,-4.05,01,-.93,01,-4.03,01,9900.00,99,9900.00,99
1998,2,1,19,0,-3.18,01,-.81,01,-3.36,01,9900.00,99,9900.00,99
1998,2,1,19,5,-3.26,01,-.77,01,-3.38,01,9900.00,99,9900.00,99
1998,2,1,19,10,-3.43,01,-.79,01,-3.64,01,9900.00,99,9900.00,99
1998,2,1,19,15,-4.42,01,-1.05,01,-4.54,01,9900.00,99,9900.00,99
1998,2,1,19,20,-3.72,01,-.86,01,-3.88,01,9900.00,99,9900.00,99
1998,2,1,19,25,-3.40,01,-.80,01,-3.52,01,9900.00,99,9900.00,99
1998,2,1,19,30,-3.38,01,-.80,01,-3.46,01,9900.00,99,9900.00,99
1998,2,1,19,35,-2.99,01,-.78,01,-3.15,01,9900.00,99,9900.00,99
1998,2,1,19,40,-2.96,01,-.77,01,-3.19,01,9900.00,99,9900.00,99
1998,2,1,19,45,-3.09,01,-.82,01,-3.26,01,9900.00,99,9900.00,99
1998,2,1,19,50,-3.10,01,-.89,01,-3.31,01,9900.00,99,9900.00,99
1998,2,1,19,55,-3.74,01,-.94,01,-3.72,01,9900.00,99,9900.00,99
1998,2,1,20,0,-3.25,01,-.80,01,-3.42,01,9900.00,99,9900.00,99
1998,2,1,20,5,-3.48,01,-.83,01,-3.69,01,9900.00,99,9900.00,99
1998,2,1,20,10,-3.50,01,-.80,01,-3.63,01,9900.00,99,9900.00,99
1998,2,1,20,15,-3.38,01,-.78,01,-3.58,01,9900.00,99,9900.00,99
1998,2,1,20,20,-3.08,01,-.78,01,-3.37,01,9900.00,99,9900.00,99
1998,2,1,20,25,-3.21,01,-.78,01,-3.39,01,9900.00,99,9900.00,99
1998,2,1,20,30,-2.94,01,-.77,01,-3.19,01,9900.00,99,9900.00,99
1998,2,1,20,35,-2.93,01,-.78,01,-3.04,01,9900.00,99,9900.00,99
1998,2,1,20,40,-2.93,01,-.77,01,-3.18,01,9900.00,99,9900.00,99
1998,2,1,20,45,-2.81,01,-.70,01,-2.90,01,9900.00,99,9900.00,99
1998,2,1,20,50,-2.93,01,-.77,01,-3.17,01,9900.00,99,9900.00,99
1998,2,1,20,55,-2.96,01,-.79,01,-3.19,01,9900.00,99,9900.00,99
1998,2,1,21,0,-3.08,01,-.87,01,-3.37,01,9900.00,99,9900.00,99
1998,2,1,21,5,-3.23,01,-.86,01,-3.53,01,9900.00,99,9900.00,99
1998,2,1,21,10,-3.04,01,-.78,01,-3.31,01,9900.00,99,9900.00,99
1998,2,1,21,15,-3.95,01,-.87,01,-4.14,01,9900.00,99,9900.00,99
1998,2,1,21,20,-3.97,01,-.89,01,-4.13,01,9900.00,99,9900.00,99
1998,2,1,21,25,-3.42,01,-.81,01,-3.64,01,9900.00,99,9900.00,99
1998,2,1,21,30,-3.88,01,-.82,01,-4.28,01,9900.00,99,9900.00,99
1998,2,1,21,35,-3.79,01,-.77,01,-4.01,01,9900.00,99,9900.00,99
1998,2,1,21,40,-3.50,01,-.77,01,-3.62,01,9900.00,99,9900.00,99
1998,2,1,21,45,-3.31,01,-.72,01,-3.55,01,9900.00,99,9900.00,99
1998,2,1,21,50,-3.32,01,-.77,01,-3.51,01,9900.00,99,9900.00,99
1998,2,1,21,55,-3.81,01,-.78,01,-3.93,01,9900.00,99,9900.00,99
1998,2,1,22,0,-3.19,01,-.77,01,-3.47,01,9900.00,99,9900.00,99
1998,2,1,22,5,-3.05,01,-.72,01,-3.45,01,9900.00,99,9900.00,99
1998,2,1,22,10,-2.93,01,-.69,01,-3.20,01,9900.00,99,9900.00,99
1998,2,1,22,15,-3.21,01,-.77,01,-3.48,01,9900.00,99,9900.00,99
1998,2,1,22,20,-3.90,01,-.79,01,-4.13,01,9900.00,99,9900.00,99
1998,2,1,22,25,-3.42,01,-.73,01,-3.72,01,9900.00,99,9900.00,99
1998,2,1,22,30,-3.40,01,-.78,01,-3.66,01,9900.00,99,9900.00,99
1998,2,1,22,35,-4.13,01,-.78,01,-4.35,01,9900.00,99,9900.00,99
1998,2,1,22,40,-3.89,01,-.69,01,-4.21,01,9900.00,99,9900.00,99
1998,2,1,22,45,-3.02,01,-.68,01,-3.38,01,9900.00,99,9900.00,99
1998,2,1,22,50,-3.30,01,-.69,01,-3.46,01,9900.00,99,9900.00,99
1998,2,1,22,55,-3.36,01,-.62,01,-3.66,01,9900.00,99,9900.00,99
1998,2,1,23,0,-2.93,01,-.41,01,-3.18,01,9900.00,99,9900.00,99
1998,2,1,23,5,-3.03,01,-.53,01,-3.35,01,9900.00,99,9900.00,99
1998,2,1,23,10,-3.10,01,-.54,01,-3.37,01,9900.00,99,9900.00,99
1998,2,1,23,15,-2.70,01,-.57,01,-2.83,01,9900.00,99,9900.00,99
1998,2,1,23,20,-2.62,01,-.50,01,-2.93,01,9900.00,99,9900.00,99
1998,2,1,23,25,-3.02,01,-.65,01,-3.35,01,9900.00,99,9900.00,99
1998,2,1,23,30,-3.24,01,-.69,01,-3.54,01,9900.00,99,9900.00,99
1998,2,1,23,35,-2.97,01,-.68,01,-3.31,01,9900.00,99,9900.00,99
1998,2,1,23,40,-2.93,01,-.70,01,-3.18,01,9900.00,99,9900.00,99
1998,2,1,23,45,-3.56,01,-.77,01,-3.77,01,9900.00,99,9900.00,99
1998,2,1,23,50,-4.31,01,-.74,01,-4.52,01,9900.00,99,9900.00,99
1998,2,1,23,55,-3.22,01,-.66,01,-3.77,01,9900.00,99,9900.00,99
1998,2,2,0,0,-3.26,01,-.69,01,-3.56,01,9900.00,99,9900.00,99
1998,2,2,0,5,-3.79,01,-.73,01,-4.07,01,9900.00,99,9900.00,99
1998,2,2,0,10,-3.86,01,-.73,01,-4.17,01,9900.00,99,9900.00,99
1998,2,2,0,15,-3.49,01,-.63,01,-3.74,01,9900.00,99,9900.00,99
1998,2,2,0,20,-3.53,01,-.62,01,-3.82,01,9900.00,99,9900.00,99
1998,2,2,0,25,-3.36,01,-.55,01,-3.58,01,9900.00,99,9900.00,99
1998,2,2,0,30,-3.15,01,-.52,01,-3.50,01,9900.00,99,9900.00,99
1998,2,2,0,35,-3.32,01,-.57,01,-3.63,01,9900.00,99,9900.00,99
1998,2,2,0,40,-3.63,01,-.60,01,-3.99,01,9900.00,99,9900.00,99
1998,2,2,0,45,-3.29,01,-.55,01,-3.53,01,9900.00,99,9900.00,99
1998,2,2,0,50,-3.30,01,-.68,01,-3.56,01,9900.00,99,9900.00,99
1998,2,2,0,55,-3.55,01,-.53,01,-3.83,01,9900.00,99,9900.00,99
1998,2,2,1,0,-2.93,01,-.44,01,-3.34,01,9900.00,99,9900.00,99
1998,2,2,1,5,-3.16,01,-.65,01,-3.38,01,9900.00,99,9900.00,99
1998,2,2,1,10,-3.88,01,-.66,01,-4.22,01,9900.00,99,9900.00,99
1998,2,2,1,15,-3.45,01,-.64,01,-3.60,01,9900.00,99,9900.00,99
1998,2,2,1,20,-4.15,01,-.73,01,-4.43,01,9900.00,99,9900.00,99
1998,2,2,1,25,-4.19,01,-.62,01,-4.46,01,9900.00,99,9900.00,99
1998,2,2,1,30,-3.02,01,-.36,01,-3.35,01,9900.00,99,9900.00,99
1998,2,2,1,35,-3.40,01,-.48,01,-3.59,01,9900.00,99,9900.00,99
1998,2,2,1,40,-3.63,01,-.43,01,-3.78,01,9900.00,99,9900.00,99
1998,2,2,1,45,-3.11,01,-.26,01,-3.41,01,9900.00,99,9900.00,99
1998,2,2,1,50,-2.93,01,-.19,01,-3.25,01,9900.00,99,9900.00,99
1998,2,2,1,55,-2.94,01,-.37,01,-3.28,01,9900.00,99,9900.00,99
1998,2,2,2,0,-3.38,01,-.27,01,-3.62,01,9900.00,99,9900.00,99
1998,2,2,2,5,-3.68,01,-.45,01,-3.93,01,9900.00,99,9900.00,99
1998,2,2,2,10,-3.50,01,-.47,01,-3.80,01,9900.00,99,9900.00,99
1998,2,2,2,15,-3.45,01,-.48,01,-3.67,01,9900.00,99,9900.00,99
1998,2,2,2,20,-2.94,01,-.35,01,-3.20,01,9900.00,99,9900.00,99
1998,2,2,2,25,-2.93,01,-.17,01,-3.20,01,9900.00,99,9900.00,99
1998,2,2,2,30,-2.91,01,-.10,01,-3.13,01,9900.00,99,9900.00,99
1998,2,2,2,35,-2.86,01,-.21,01,-3.11,01,9900.00,99,9900.00,99
1998,2,2,2,40,-2.91,01,-.32,01,-3.18,01,9900.00,99,9900.00,99
1998,2,2,2,45,-2.55,01,-.15,01,-2.89,01,9900.00,99,9900.00,99
1998,2,2,2,50,-1.68,01,-.10,01,-2.13,01,9900.00,99,9900.00,99
1998,2,2,2,55,-1.87,01,-.21,01,-2.24,01,9900.00,99,9900.00,99
1998,2,2,3,0,-2.35,01,-.37,01,-2.82,01,9900.00,99,9900.00,99
1998,2,2,3,5,-2.35,01,-.35,01,-2.85,01,9900.00,99,9900.00,99
1998,2,2,3,10,-2.82,01,-.39,01,-3.15,01,9900.00,99,9900.00,99
1998,2,2,3,15,-2.80,01,-.39,01,-3.09,01,9900.00,99,9900.00,99
1998,2,2,3,20,-2.71,01,-.42,01,-3.09,01,9900.00,99,9900.00,99
1998,2,2,3,25,-2.39,01,-.37,01,-2.85,01,9900.00,99,9900.00,99
1998,2,2,3,30,-2.92,01,-.39,01,-3.22,01,9900.00,99,9900.00,99
1998,2,2,3,35,-3.34,01,-.44,01,-3.73,01,9900.00,99,9900.00,99
1998,2,2,3,40,-2.88,01,-.31,01,-3.23,01,9900.00,99,9900.00,99
1998,2,2,3,45,-2.87,01,-.35,01,-3.15,01,9900.00,99,9900.00,99
1998,2,2,3,50,-3.39,01,-.46,01,-3.66,01,9900.00,99,9900.00,99
1998,2,2,3,55,-3.24,01,-.33,01,-3.53,01,9900.00,99,9900.00,99
1998,2,2,4,0,-2.93,01,-.29,01,-3.19,01,9900.00,99,9900.00,99
1998,2,2,4,5,-3.41,01,-.35,01,-3.68,01,9900.00,99,9900.00,99
1998,2,2,4,10,-3.57,01,-.21,01,-3.80,01,9900.00,99,9900.00,99
1998,2,2,4,15,-3.05,01,-.23,01,-3.36,01,9900.00,99,9900.00,99
1998,2,2,4,20,-3.13,01,-.17,01,-3.38,01,9900.00,99,9900.00,99
1998,2,2,4,25,-2.96,01,-.32,01,-3.24,01,9900.00,99,9900.00,99
1998,2,2,4,30,-3.35,01,-.38,01,-3.60,01,9900.00,99,9900.00,99
1998,2,2,4,35,-3.12,01,-.17,01,-3.30,01,9900.00,99,9900.00,99
1998,2,2,4,40,-3.15,01,-.25,01,-3.35,01,9900.00,99,9900.00,99
1998,2,2,4,45,-3.00,01,-.15,01,-3.21,01,9900.00,99,9900.00,99
1998,2,2,4,50,-2.46,01,-.08,01,-2.76,01,9900.00,99,9900.00,99
1998,2,2,4,55,-2.90,01,-.23,01,-3.11,01,9900.00,99,9900.00,99
1998,2,2,5,0,-3.24,01,-.26,01,-3.56,01,9900.00,99,9900.00,99
1998,2,2,5,5,-3.79,01,-.40,01,-4.09,01,9900.00,99,9900.00,99
1998,2,2,5,10,-3.31,01,-.23,01,-3.63,01,9900.00,99,9900.00,99
1998,2,2,5,15,-3.21,01,-.09,01,-3.56,01,9900.00,99,9900.00,99
1998,2,2,5,20,-3.50,01,-.16,01,-3.64,01,9900.00,99,9900.00,99
1998,2,2,5,25,-3.77,01,-.21,01,-3.97,01,9900.00,99,9900.00,99
1998,2,2,5,30,-3.35,01,-.08,01,-3.60,01,9900.00,99,9900.00,99
1998,2,2,5,35,-3.05,01,-.22,01,-3.29,01,9900.00,99,9900.00,99
1998,2,2,5,40,-3.83,01,-.32,01,-4.17,01,9900.00,99,9900.00,99
1998,2,2,5,45,-3.24,01,-.06,01,-3.50,01,9900.00,99,9900.00,99
1998,2,2,5,50,-2.82,01,-.02,01,-2.84,01,9900.00,99,9900.00,99
1998,2,2,5,55,-3.01,01,-.03,01,-3.27,01,9900.00,99,9900.00,99
1998,2,2,6,0,-3.83,01,-.29,01,-3.99,01,9900.00,99,9900.00,99
1998,2,2,6,5,-4.94,01,-.47,01,-5.07,01,9900.00,99,9900.00,99
1998,2,2,6,10,-4.49,01,-.46,01,-4.91,01,9900.00,99,9900.00,99
1998,2,2,6,15,-3.50,01,-.20,01,-3.69,01,9900.00,99,9900.00,99
1998,2,2,6,20,-3.07,01,-.10,01,-3.33,01,9900.00,99,9900.00,99
1998,2,2,6,25,-3.20,01,-.06,01,-3.46,01,9900.00,99,9900.00,99
1998,2,2,6,30,-3.23,01,-.08,01,-3.44,01,9900.00,99,9900.00,99
1998,2,2,6,35,-3.42,01,-.03,01,-3.68,01,9900.00,99,9900.00,99
1998,2,2,6,40,-3.09,01,-.04,01,-3.38,01,9900.00,99,9900.00,99
1998,2,2,6,45,-3.08,01,-.03,01,-3.37,01,9900.00,99,9900.00,99
1998,2,2,6,50,-3.16,01,-.06,01,-3.35,01,9900.00,99,9900.00,99
1998,2,2,6,55,-3.84,01,-.09,01,-3.88,01,9900.00,99,9900.00,99
1998,2,2,7,0,-3.71,01,-.15,01,-3.95,01,9900.00,99,9900.00,99
1998,2,2,7,5,-4.45,01,-.40,01,-4.74,01,9900.00,99,9900.00,99
1998,2,2,7,10,-4.63,01,-.73,01,-4.93,01,9900.00,99,9900.00,99
1998,2,2,7,15,-2.93,01,-.52,01,-3.23,01,9900.00,99,9900.00,99
1998,2,2,7,20,-.66,01,-.11,01,-1.17,01,9900.00,99,9900.00,99
1998,2,2,7,25,1.02,01,-.01,01,.40,01,9900.00,99,9900.00,99
1998,2,2,7,30,2.93,01,-.15,01,2.53,01,9900.00,99,9900.00,99
1998,2,2,7,35,4.99,01,-.42,01,4.32,01,9900.00,99,9900.00,99
1998,2,2,7,40,9.38,01,-.43,01,8.99,01,9900.00,99,9900.00,99
1998,2,2,7,45,11.02,01,-.35,01,10.39,01,9900.00,99,9900.00,99
1998,2,2,7,50,13.79,01,-.54,01,12.70,01,9900.00,99,9900.00,99
1998,2,2,7,55,19.67,01,-.75,01,18.24,01,9900.00,99,9900.00,99
1998,2,2,8,0,31.44,01,-.75,01,27.76,01,9900.00,99,9900.00,99
1998,2,2,8,5,44.60,01,-.39,01,37.20,01,9900.00,99,9900.00,99
1998,2,2,8,10,57.39,01,-.11,01,44.43,01,9900.00,99,9900.00,99
1998,2,2,8,15,76.27,01,-.03,01,53.22,01,9900.00,99,9900.00,99
1998,2,2,8,20,103.63,01,0.00,01,63.42,01,9900.00,99,9900.00,99
1998,2,2,8,25,124.57,01,.10,01,72.24,01,9900.00,99,9900.00,99
1998,2,2,8,30,130.48,87,.30,86,77.31,86,9900.00,99,9900.00,99
1998,2,2,8,35,135.62,83,.04,82,81.64,82,9900.00,99,9900.00,99
1998,2,2,8,40,138.37,75,-.32,74,83.23,74,9900.00,99,9900.00,99
1998,2,2,8,45,147.27,83,-.48,82,82.39,82,9900.00,99,9900.00,99
1998,2,2,8,50,158.86,91,-.06,90,78.49,90,9900.00,99,9900.00,99
1998,2,2,8,55,175.35,91,.01,90,76.08,90,9900.00,99,9900.00,99
1998,2,2,9,0,162.63,91,-.73,90,72.30,90,9900.00,99,9900.00,99
1998,2,2,9,5,148.91,67,-1.61,66,83.30,66,9900.00,99,9900.00,99
1998,2,2,9,10,126.52,11,-2.20,10,112.26,10,9900.00,99,9900.00,99
1998,2,2,9,15,143.03,03,-2.15,03,134.32,03,9900.00,99,9900.00,99
1998,2,2,9,20,127.05,03,-1.76,03,116.88,03,9900.00,99,9900.00,99
1998,2,2,9,25,104.40,03,-1.31,03,102.71,03,9900.00,99,9900.00,99
1998,2,2,9,30,106.75,03,-1.20,03,101.25,03,9900.00,99,9900.00,99
1998,2,2,9,35,214.48,79,-.49,78,118.99,78,9900.00,99,9900.00,99
1998,2,2,9,40,216.17,67,.10,66,127.38,66,9900.00,99,9900.00,99
1998,2,2,9,45,230.19,71,.77,70,135.40,70,9900.00,99,9900.00,99
1998,2,2,9,50,219.15,51,.48,50,143.94,50,9900.00,99,9900.00,99
1998,2,2,9,55,255.24,71,-.16,70,156.69,70,9900.00,99,9900.00,99
1998,2,2,10,0,221.35,35,-.69,34,172.49,34,9900.00,99,9900.00,99
1998,2,2,10,5,220.68,23,-.94,22,186.21,22,9900.00,99,9900.00,99
1998,2,2,10,10,203.20,03,-.98,03,192.71,03,9900.00,99,9900.00,99
1998,2,2,10,15,232.74,19,-.66,18,201.86,18,9900.00,99,9900.00,99
1998,2,2,10,20,258.52,27,-.17,26,215.22,26,9900.00,99,9900.00,99
1998,2,2,10,25,271.89,15,-.81,14,240.82,14,9900.00,99,9900.00,99
1998,2,2,10,30,261.62,15,-1.24,14,237.08,14,9900.00,99,9900.00,99
1998,2,2,10,35,249.11,03,-1.30,03,233.50,03,9900.00,99,9900.00,99
1998,2,2,10,40,238.58,03,-1.47,03,229.00,03,9900.00,99,9900.00,99
1998,2,2,10,45,253.83,03,-1.74,03,242.63,03,9900.00,99,9900.00,99
1998,2,2,10,50,272.69,03,-1.60,03,258.29,03,9900.00,99,9900.00,99
1998,2,2,10,55,255.25,03,-1.27,03,243.21,03,9900.00,99,9900.00,99
1998,2,2,11,0,242.67,03,-1.32,03,230.47,03,9900.00,99,9900.00,99
1998,2,2,11,5,260.71,11,-1.25,10,243.30,10,9900.00,99,9900.00,99
1998,2,2,11,10,293.50,03,-1.09,03,289.53,03,9900.00,99,9900.00,99
1998,2,2,11,15,340.64,11,-.74,10,313.40,10,9900.00,99,9900.00,99
1998,2,2,11,20,320.02,03,-.57,03,314.98,03,9900.00,99,9900.00,99
1998,2,2,11,25,354.75,11,-.44,10,330.44,10,9900.00,99,9900.00,99
1998,2,2,11,30,378.04,11,-.38,10,355.35,10,9900.00,99,9900.00,99
1998,2,2,11,35,377.27,03,-.20,03,358.53,03,9900.00,99,9900.00,99
1998,2,2,11,40,325.39,03,-.69,03,303.81,03,9900.00,99,9900.00,99
1998,2,2,11,45,301.30,03,-.84,03,288.09,03,9900.00,99,9900.00,99
1998,2,2,11,50,299.97,03,-.96,03,287.70,03,9900.00,99,9900.00,99
1998,2,2,11,55,287.28,03,-1.44,03,275.07,03,9900.00,99,9900.00,99
1998,2,2,12,0,275.52,03,-1.72,03,264.22,03,9900.00,99,9900.00,99
1998,2,2,12,5,261.71,03,-1.61,03,253.09,03,9900.00,99,9900.00,99
1998,2,2,12,10,250.80,03,-1.39,03,242.68,03,9900.00,99,9900.00,99
1998,2,2,12,15,254.51,03,-1.43,03,246.59,03,9900.00,99,9900.00,99
1998,2,2,12,20,272.84,03,-1.28,03,265.60,03,9900.00,99,9900.00,99
1998,2,2,12,25,261.87,03,-1.20,03,254.79,03,9900.00,99,9900.00,99
1998,2,2,12,30,272.44,03,-1.19,03,263.75,03,9900.00,99,9900.00,99
1998,2,2,12,35,307.15,03,-1.14,03,296.98,03,9900.00,99,9900.00,99
1998,2,2,12,40,327.23,03,-1.10,03,313.08,03,9900.00,99,9900.00,99
1998,2,2,12,45,374.60,03,-1.02,03,368.60,03,9900.00,99,9900.00,99
1998,2,2,12,50,397.43,03,-.96,03,386.72,03,9900.00,99,9900.00,99
1998,2,2,12,55,358.66,15,-.90,14,330.82,14,9900.00,99,9900.00,99
1998,2,2,13,0,330.60,03,-.81,03,310.85,03,9900.00,99,9900.00,99
1998,2,2,13,5,316.27,03,-1.17,03,300.52,03,9900.00,99,9900.00,99
1998,2,2,13,10,303.92,03,-1.63,03,288.97,03,9900.00,99,9900.00,99
1998,2,2,13,15,313.13,03,-1.53,03,297.35,03,9900.00,99,9900.00,99
1998,2,2,13,20,310.68,11,-1.22,10,292.44,10,9900.00,99,9900.00,99
1998,2,2,13,25,341.05,11,-1.02,10,317.84,10,9900.00,99,9900.00,99
1998,2,2,13,30,433.21,23,-.30,22,383.05,22,9900.00,99,9900.00,99
1998,2,2,13,35,407.02,11,-.68,10,382.18,10,9900.00,99,9900.00,99
1998,2,2,13,40,474.39,47,-.78,46,380.16,46,9900.00,99,9900.00,99
1998,2,2,13,45,397.32,15,-1.26,14,365.13,14,9900.00,99,9900.00,99
1998,2,2,13,50,379.60,03,-1.57,03,361.17,03,9900.00,99,9900.00,99
1998,2,2,13,55,352.24,19,-1.87,18,317.26,18,9900.00,99,9900.00,99
1998,2,2,14,0,378.86,03,-1.35,03,367.62,03,9900.00,99,9900.00,99
1998,2,2,14,5,409.23,19,-1.25,18,375.64,18,9900.00,99,9900.00,99
1998,2,2,14,10,389.26,27,-1.68,26,337.13,26,9900.00,99,9900.00,99
1998,2,2,14,15,393.69,39,-2.28,38,318.77,38,9900.00,99,9900.00,99
1998,2,2,14,20,377.17,39,-2.65,38,301.89,38,9900.00,99,9900.00,99
1998,2,2,14,25,364.51,35,-2.92,34,301.17,34,9900.00,99,9900.00,99
1998,2,2,14,30,344.07,23,-2.71,22,301.08,22,9900.00,99,9900.00,99
1998,2,2,14,35,350.79,27,-2.68,26,303.63,26,9900.00,99,9900.00,99
1998,2,2,14,40,378.35,43,-2.44,42,306.38,42,9900.00,99,9900.00,99
1998,2,2,14,45,373.89,47,-1.98,46,292.58,46,9900.00,99,9900.00,99
1998,2,2,14,50,305.97,23,-2.04,22,269.73,22,9900.00,99,9900.00,99
1998,2,2,14,55,323.80,31,-1.90,30,272.50,30,9900.00,99,9900.00,99
1998,2,2,15,0,313.12,35,-2.28,34,260.26,34,9900.00,99,9900.00,99
1998,2,2,15,5,280.34,23,-2.69,22,244.87,22,9900.00,99,9900.00,99
1998,2,2,15,10,258.56,15,-2.73,14,235.06,14,9900.00,99,9900.00,99
1998,2,2,15,15,245.98,03,-2.50,03,233.63,03,9900.00,99,9900.00,99
1998,2,2,15,20,255.19,11,-2.30,10,237.34,10,9900.00,99,9900.00,99
1998,2,2,15,25,239.53,03,-2.42,03,230.17,03,9900.00,99,9900.00,99
1998,2,2,15,30,207.07,11,-2.54,10,189.60,10,9900.00,99,9900.00,99
1998,2,2,15,35,185.38,03,-2.19,03,175.01,03,9900.00,99,9900.00,99
1998,2,2,15,40,180.74,11,-1.70,10,165.05,10,9900.00,99,9900.00,99
1998,2,2,15,45,172.14,03,-1.43,03,161.53,03,9900.00,99,9900.00,99
1998,2,2,15,50,156.94,03,-1.61,03,149.62,03,9900.00,99,9900.00,99
1998,2,2,15,55,140.20,03,-1.81,03,135.78,03,9900.00,99,9900.00,99
1998,2,2,16,0,118.32,03,-1.79,03,115.23,03,9900.00,99,9900.00,99
1998,2,2,16,5,108.54,03,-1.65,03,106.24,03,9900.00,99,9900.00,99
1998,2,2,16,10,103.06,03,-1.23,03,101.14,03,9900.00,99,9900.00,99
1998,2,2,16,15,91.77,03,-1.16,03,89.80,03,9900.00,99,9900.00,99
1998,2,2,16,20,83.93,03,-1.14,03,82.17,03,9900.00,99,9900.00,99
1998,2,2,16,25,76.31,03,-1.07,03,74.36,03,9900.00,99,9900.00,99
1998,2,2,16,30,67.91,03,-.93,03,66.18,03,9900.00,99,9900.00,99
1998,2,2,16,35,55.99,03,-.78,03,54.63,03,9900.00,99,9900.00,99
1998,2,2,16,40,46.20,03,-.77,03,44.79,03,9900.00,99,9900.00,99
1998,2,2,16,45,41.67,03,-.75,03,40.02,03,9900.00,99,9900.00,99
1998,2,2,16,50,38.24,03,-.68,03,36.73,03,9900.00,99,9900.00,99
1998,2,2,16,55,33.90,01,-.64,01,32.51,01,9900.00,99,9900.00,99
1998,2,2,17,0,29.88,01,-.62,01,28.54,01,9900.00,99,9900.00,99
1998,2,2,17,5,27.18,01,-.67,01,25.99,01,9900.00,99,9900.00,99
1998,2,2,17,10,25.02,01,-.70,01,23.85,01,9900.00,99,9900.00,99
1998,2,2,17,15,20.59,01,-.77,01,19.75,01,9900.00,99,9900.00,99
1998,2,2,17,20,17.51,01,-.76,01,16.71,01,9900.00,99,9900.00,99
1998,2,2,17,25,13.12,01,-.70,01,12.55,01,9900.00,99,9900.00,99
1998,2,2,17,30,9.22,01,-.62,01,8.83,01,9900.00,99,9900.00,99
1998,2,2,17,35,6.06,01,-.59,01,5.63,01,9900.00,99,9900.00,99
1998,2,2,17,40,3.04,01,-.68,01,2.96,01,9900.00,99,9900.00,99
1998,2,2,17,45,.32,01,-.77,01,.07,01,9900.00,99,9900.00,99
1998,2,2,17,50,-.61,01,-.75,01,-.81,01,9900.00,99,9900.00,99
1998,2,2,17,55,-1.20,01,-.82,01,-1.56,01,9900.00,99,9900.00,99
1998,2,2,18,0,-2.16,01,-1.05,01,-2.59,01,9900.00,99,9900.00,99
1998,2,2,18,5,-2.10,01,-1.00,01,-2.56,01,9900.00,99,9900.00,99
1998,2,2,18,10,-1.09,01,-.68,01,-1.45,01,9900.00,99,9900.00,99
1998,2,2,18,15,-.77,01,-.39,01,-1.19,01,9900.00,99,9900.00,99
1998,2,2,18,20,-1.17,01,-.50,01,-1.46,01,9900.00,99,9900.00,99
1998,2,2,18,25,-1.48,01,-.57,01,-1.92,01,9900.00,99,9900.00,99
1998,2,2,18,30,-1.22,01,-.59,01,-1.58,01,9900.00,99,9900.00,99
1998,2,2,18,35,-1.14,01,-.60,01,-1.38,01,9900.00,99,9900.00,99
1998,2,2,18,40,-1.24,01,-.61,01,-1.61,01,9900.00,99,9900.00,99
1998,2,2,18,45,-1.00,01,-.60,01,-1.32,01,9900.00,99,9900.00,99
1998,2,2,18,50,-.65,01,-.46,01,-1.16,01,9900.00,99,9900.00,99
1998,2,2,18,55,-.70,01,-.53,01,-1.20,01,9900.00,99,9900.00,99
1998,2,2,19,0,-.88,01,-.60,01,-1.22,01,9900.00,99,9900.00,99
1998,2,2,19,5,-.74,01,-.73,01,-1.19,01,9900.00,99,9900.00,99
1998,2,2,19,10,-.86,01,-.74,01,-1.29,01,9900.00,99,9900.00,99
1998,2,2,19,15,-.60,01,-.42,01,-1.11,01,9900.00,99,9900.00,99
1998,2,2,19,20,-.25,01,-.22,01,-.82,01,9900.00,99,9900.00,99
1998,2,2,19,25,-.65,01,-.43,01,-1.14,01,9900.00,99,9900.00,99
1998,2,2,19,30,-.99,01,-.60,01,-1.34,01,9900.00,99,9900.00,99
1998,2,2,19,35,-1.12,01,-.66,01,-1.60,01,9900.00,99,9900.00,99
1998,2,2,19,40,-1.36,01,-.73,01,-1.95,01,9900.00,99,9900.00,99
1998,2,2,19,45,-1.54,01,-.76,01,-2.09,01,9900.00,99,9900.00,99
1998,2,2,19,50,-1.35,01,-.76,01,-1.97,01,9900.00,99,9900.00,99
1998,2,2,19,55,-1.45,01,-.73,01,-1.99,01,9900.00,99,9900.00,99
1998,2,2,20,0,-1.20,01,-.59,01,-1.81,01,9900.00,99,9900.00,99
1998,2,2,20,5,-1.13,01,-.50,01,-1.58,01,9900.00,99,9900.00,99
1998,2,2,20,10,-.90,01,-.38,01,-1.30,01,9900.00,99,9900.00,99
1998,2,2,20,15,-.63,01,-.17,01,-1.13,01,9900.00,99,9900.00,99
1998,2,2,20,20,-.45,01,-.08,01,-.95,01,9900.00,99,9900.00,99
1998,2,2,20,25,-.49,01,-.18,01,-1.03,01,9900.00,99,9900.00,99
1998,2,2,20,30,-.65,01,-.22,01,-1.15,01,9900.00,99,9900.00,99
1998,2,2,20,35,-.76,01,-.44,01,-1.31,01,9900.00,99,9900.00,99
1998,2,2,20,40,-1.46,01,-.68,01,-1.94,01,9900.00,99,9900.00,99
1998,2,2,20,45,-1.52,01,-.79,01,-2.03,01,9900.00,99,9900.00,99
1998,2,2,20,50,-1.43,01,-.78,01,-1.95,01,9900.00,99,9900.00,99
1998,2,2,20,55,-1.05,01,-.77,01,-1.36,01,9900.00,99,9900.00,99
1998,2,2,21,0,-.91,01,-.74,01,-1.22,01,9900.00,99,9900.00,99
1998,2,2,21,5,-.75,01,-.68,01,-1.21,01,9900.00,99,9900.00,99
1998,2,2,21,10,-.69,01,-.61,01,-1.18,01,9900.00,99,9900.00,99
1998,2,2,21,15,-.71,01,-.64,01,-1.19,01,9900.00,99,9900.00,99
1998,2,2,21,20,-.65,01,-.57,01,-1.17,01,9900.00,99,9900.00,99
1998,2,2,21,25,-.25,01,-.41,01,-.81,01,9900.00,99,9900.00,99
1998,2,2,21,30,-.21,01,-.37,01,-.80,01,9900.00,99,9900.00,99
1998,2,2,21,35,-.52,01,-.45,01,-1.11,01,9900.00,99,9900.00,99
1998,2,2,21,40,-.65,01,-.53,01,-1.18,01,9900.00,99,9900.00,99
1998,2,2,21,45,-.23,01,-.47,01,-.91,01,9900.00,99,9900.00,99
1998,2,2,21,50,-.10,01,-.39,01,-.83,01,9900.00,99,9900.00,99
1998,2,2,21,55,-.55,01,-.55,01,-1.09,01,9900.00,99,9900.00,99
1998,2,2,22,0,-.48,01,-.58,01,-1.08,01,9900.00,99,9900.00,99
1998,2,2,22,5,-.05,01,-.39,01,-.77,01,9900.00,99,9900.00,99
1998,2,2,22,10,.09,01,-.16,01,-.42,01,9900.00,99,9900.00,99
1998,2,2,22,15,.61,01,-.01,01,0.00,01,9900.00,99,9900.00,99
1998,2,2,22,20,.65,01,-.01,01,.01,01,9900.00,99,9900.00,99
1998,2,2,22,25,.18,01,-.12,01,-.38,01,9900.00,99,9900.00,99
1998,2,2,22,30,-.09,01,-.46,01,-.79,01,9900.00,99,9900.00,99
1998,2,2,22,35,-.09,01,-.51,01,-.80,01,9900.00,99,9900.00,99
1998,2,2,22,40,.01,01,-.41,01,-.67,01,9900.00,99,9900.00,99
1998,2,2,22,45,.02,01,-.30,01,-.62,01,9900.00,99,9900.00,99
1998,2,2,22,50,-.04,01,-.46,01,-.66,01,9900.00,99,9900.00,99
1998,2,2,22,55,-.23,01,-.54,01,-.97,01,9900.00,99,9900.00,99
1998,2,2,23,0,-.23,01,-.57,01,-.97,01,9900.00,99,9900.00,99
1998,2,2,23,5,-.26,01,-.48,01,-.91,01,9900.00,99,9900.00,99
1998,2,2,23,10,-1.56,01,-.46,01,-1.89,01,9900.00,99,9900.00,99
1998,2,2,23,15,-2.69,01,-.76,01,-3.05,01,9900.00,99,9900.00,99
1998,2,2,23,20,-2.93,01,-.82,01,-3.34,01,9900.00,99,9900.00,99
1998,2,2,23,25,-2.93,01,-1.00,01,-3.49,01,9900.00,99,9900.00,99
1998,2,2,23,30,-2.64,01,-1.08,01,-3.11,01,9900.00,99,9900.00,99
1998,2,2,23,35,-2.19,01,-.95,01,-2.83,01,9900.00,99,9900.00,99
1998,2,2,23,40,-2.18,01,-.78,01,-2.78,01,9900.00,99,9900.00,99
1998,2,2,23,45,-2.07,01,-.77,01,-2.62,01,9900.00,99,9900.00,99
1998,2,2,23,50,-1.51,01,-.72,01,-2.36,01,9900.00,99,9900.00,99
1998,2,2,23,55,-1.44,01,-.75,01,-2.35,01,9900.00,99,9900.00,99
1998,2,3,0,0,-.99,01,-.69,01,-2.05,01,9900.00,99,9900.00,99
1998,2,3,0,5,-.84,01,-.66,01,-1.75,01,9900.00,99,9900.00,99
1998,2,3,0,10,-.84,01,-.51,01,-1.77,01,9900.00,99,9900.00,99
1998,2,3,0,15,-.76,01,-.41,01,-1.59,01,9900.00,99,9900.00,99
1998,2,3,0,20,-.73,01,-.50,01,-1.36,01,9900.00,99,9900.00,99
1998,2,3,0,25,-.74,01,-.61,01,-1.32,01,9900.00,99,9900.00,99
1998,2,3,0,30,-.88,01,-.62,01,-1.62,01,9900.00,99,9900.00,99
1998,2,3,0,35,-.84,01,-.57,01,-1.48,01,9900.00,99,9900.00,99
1998,2,3,0,40,-.90,01,-.56,01,-1.74,01,9900.00,99,9900.00,99
1998,2,3,0,45,-.75,01,-.44,01,-1.46,01,9900.00,99,9900.00,99
1998,2,3,0,50,-.72,01,-.46,01,-1.27,01,9900.00,99,9900.00,99
1998,2,3,0,55,-.71,01,-.54,01,-1.23,01,9900.00,99,9900.00,99
1998,2,3,1,0,-.70,01,-.46,01,-1.21,01,9900.00,99,9900.00,99
1998,2,3,1,5,-.37,01,-.33,01,-1.15,01,9900.00,99,9900.00,99
1998,2,3,1,10,-.08,01,-.30,01,-.89,01,9900.00,99,9900.00,99
1998,2,3,1,15,.02,01,-.15,01,-.77,01,9900.00,99,9900.00,99
1998,2,3,1,20,.02,01,-.29,01,-.77,01,9900.00,99,9900.00,99
1998,2,3,1,25,-.01,01,-.35,01,-.89,01,9900.00,99,9900.00,99
1998,2,3,1,30,.02,01,-.44,01,-.82,01,9900.00,99,9900.00,99
1998,2,3,1,35,.13,01,-.35,01,-.69,01,9900.00,99,9900.00,99
1998,2,3,1,40,.13,01,-.41,01,-.68,01,9900.00,99,9900.00,99
1998,2,3,1,45,.10,01,-.41,01,-.74,01,9900.00,99,9900.00,99
1998,2,3,1,50,0.00,01,-.44,01,-.79,01,9900.00,99,9900.00,99
1998,2,3,1,55,-.05,01,-.61,01,-.97,01,9900.00,99,9900.00,99
1998,2,3,2,0,-.12,01,-.57,01,-1.15,01,9900.00,99,9900.00,99
1998,2,3,2,5,-.20,01,-.42,01,-1.17,01,9900.00,99,9900.00,99
1998,2,3,2,10,-.43,01,-.23,01,-1.19,01,9900.00,99,9900.00,99
1998,2,3,2,15,-.44,01,-.01,01,-1.20,01,9900.00,99,9900.00,99
1998,2,3,2,20,-.41,01,0.00,01,-1.19,01,9900.00,99,9900.00,99
1998,2,3,2,25,-.49,01,0.00,01,-1.21,01,9900.00,99,9900.00,99
1998,2,3,2,30,-.57,01,0.00,01,-1.28,01,9900.00,99,9900.00,99
1998,2,3,2,35,-.64,01,0.00,01,-1.29,01,9900.00,99,9900.00,99
1998,2,3,2,40,-.65,01,0.00,01,-1.54,01,9900.00,99,9900.00,99
1998,2,3,2,45,-.43,01,0.00,01,-1.28,01,9900.00,99,9900.00,99
1998,2,3,2,50,-.23,01,-.01,01,-1.21,01,9900.00,99,9900.00,99
1998,2,3,2,55,-.11,01,-.02,01,-1.19,01,9900.00,99,9900.00,99
1998,2,3,3,0,-.05,01,-.06,01,-1.15,01,9900.00,99,9900.00,99
1998,2,3,3,5,-.01,01,-.10,01,-1.14,01,9900.00,99,9900.00,99
1998,2,3,3,10,-.01,01,-.05,01,-1.04,01,9900.00,99,9900.00,99
1998,2,3,3,15,.01,01,-.03,01,-.89,01,9900.00,99,9900.00,99
1998,2,3,3,20,.01,01,-.03,01,-.85,01,9900.00,99,9900.00,99
1998,2,3,3,25,.03,01,-.02,01,-.83,01,9900.00,99,9900.00,99
1998,2,3,3,30,.02,01,0.00,01,-.85,01,9900.00,99,9900.00,99
1998,2,3,3,35,-.02,01,0.00,01,-.93,01,9900.00,99,9900.00,99
1998,2,3,3,40,-.07,01,0.00,01,-1.01,01,9900.00,99,9900.00,99
1998,2,3,3,45,-.05,01,0.00,01,-.97,01,9900.00,99,9900.00,99
1998,2,3,3,50,-.20,01,0.00,01,-1.15,01,9900.00,99,9900.00,99
1998,2,3,3,55,-.26,01,0.00,01,-1.16,01,9900.00,99,9900.00,99
1998,2,3,4,0,-.08,01,0.00,01,-1.15,01,9900.00,99,9900.00,99
1998,2,3,4,5,-.02,01,0.00,01,-.95,01,9900.00,99,9900.00,99
1998,2,3,4,10,-.03,01,0.00,01,-.97,01,9900.00,99,9900.00,99
1998,2,3,4,15,-.16,01,-.01,01,-1.16,01,9900.00,99,9900.00,99
1998,2,3,4,20,-.34,01,-.03,01,-1.19,01,9900.00,99,9900.00,99
1998,2,3,4,25,-.33,01,-.03,01,-1.18,01,9900.00,99,9900.00,99
1998,2,3,4,30,-.37,01,-.01,01,-1.19,01,9900.00,99,9900.00,99
1998,2,3,4,35,-.34,01,-.03,01,-1.19,01,9900.00,99,9900.00,99
1998,2,3,4,40,-.35,01,0.00,01,-1.18,01,9900.00,99,9900.00,99
1998,2,3,4,45,-.49,01,0.00,01,-1.15,01,9900.00,99,9900.00,99
1998,2,3,4,50,-.47,01,0.00,01,-1.19,01,9900.00,99,9900.00,99
1998,2,3,4,55,-.33,01,0.00,01,-1.19,01,9900.00,99,9900.00,99
1998,2,3,5,0,-.43,01,0.00,01,-1.16,01,9900.00,99,9900.00,99
1998,2,3,5,5,-.51,01,0.00,01,-1.19,01,9900.00,99,9900.00,99
1998,2,3,5,10,-.50,01,0.00,01,-1.19,01,9900.00,99,9900.00,99
1998,2,3,5,15,-.48,01,0.00,01,-1.19,01,9900.00,99,9900.00,99
1998,2,3,5,20,-.44,01,0.00,01,-1.19,01,9900.00,99,9900.00,99
1998,2,3,5,25,-.31,01,0.00,01,-1.19,01,9900.00,99,9900.00,99
1998,2,3,5,30,-.05,01,-.03,01,-1.19,01,9900.00,99,9900.00,99
1998,2,3,5,35,-.04,01,-.10,01,-.92,01,9900.00,99,9900.00,99
1998,2,3,5,40,.05,01,-.10,01,-.78,01,9900.00,99,9900.00,99
1998,2,3,5,45,.04,01,-.09,01,-.78,01,9900.00,99,9900.00,99
1998,2,3,5,50,.13,01,-.05,01,-.60,01,9900.00,99,9900.00,99
1998,2,3,5,55,.41,01,-.06,01,-.42,01,9900.00,99,9900.00,99
1998,2,3,6,0,.39,01,-.02,01,-.38,01,9900.00,99,9900.00,99
1998,2,3,6,5,.46,01,-.03,01,-.39,01,9900.00,99,9900.00,99
1998,2,3,6,10,.28,01,-.06,01,-.64,01,9900.00,99,9900.00,99
1998,2,3,6,15,.19,01,-.13,01,-.64,01,9900.00,99,9900.00,99
1998,2,3,6,20,.21,01,-.15,01,-.61,01,9900.00,99,9900.00,99
1998,2,3,6,25,.27,01,-.13,01,-.56,01,9900.00,99,9900.00,99
1998,2,3,6,30,.32,01,-.15,01,-.56,01,9900.00,99,9900.00,99
1998,2,3,6,35,.30,01,-.16,01,-.44,01,9900.00,99,9900.00,99
1998,2,3,6,40,.22,01,-.17,01,-.43,01,9900.00,99,9900.00,99
1998,2,3,6,45,.27,01,-.15,01,-.56,01,9900.00,99,9900.00,99
1998,2,3,6,50,.28,01,-.23,01,-.54,01,9900.00,99,9900.00,99
1998,2,3,6,55,.24,01,-.24,01,-.58,01,9900.00,99,9900.00,99
1998,2,3,7,0,.25,01,-.23,01,-.57,01,9900.00,99,9900.00,99
1998,2,3,7,5,.34,01,-.27,01,-.54,01,9900.00,99,9900.00,99
1998,2,3,7,10,.47,01,-.23,01,-.34,01,9900.00,99,9900.00,99
1998,2,3,7,15,.67,01,-.24,01,-.19,01,9900.00,99,9900.00,99
1998,2,3,7,20,.71,01,-.24,01,-.04,01,9900.00,99,9900.00,99
1998,2,3,7,25,.91,01,-.26,01,.01,01,9900.00,99,9900.00,99
1998,2,3,7,30,1.19,01,-.24,01,.53,01,9900.00,99,9900.00,99
1998,2,3,7,35,1.76,01,-.30,01,1.07,01,9900.00,99,9900.00,99
1998,2,3,7,40,2.65,01,-.35,01,1.88,01,9900.00,99,9900.00,99
1998,2,3,7,45,3.17,01,-.31,01,2.91,01,9900.00,99,9900.00,99
1998,2,3,7,50,3.91,01,-.27,01,3.54,01,9900.00,99,9900.00,99
1998,2,3,7,55,4.60,01,-.33,01,4.03,01,9900.00,99,9900.00,99
1998,2,3,8,0,5.48,01,-.33,01,4.96,01,9900.00,99,9900.00,99
1998,2,3,8,5,6.03,01,-.30,01,5.88,01,9900.00,99,9900.00,99
1998,2,3,8,10,6.89,01,-.29,01,6.85,01,9900.00,99,9900.00,99
1998,2,3,8,15,7.87,01,-.27,01,7.70,01,9900.00,99,9900.00,99
1998,2,3,8,20,8.69,01,-.32,01,8.09,01,9900.00,99,9900.00,99
1998,2,3,8,25,9.41,01,-.26,01,8.81,01,9900.00,99,9900.00,99
1998,2,3,8,30,10.95,09,-.31,09,9.87,09,9900.00,99,9900.00,99
1998,2,3,8,35,12.64,09,-.36,09,11.49,09,9900.00,99,9900.00,99
1998,2,3,8,40,14.11,09,-.41,09,13.12,09,9900.00,99,9900.00,99
1998,2,3,8,45,16.39,09,-.33,09,15.23,09,9900.00,99,9900.00,99
1998,2,3,8,50,17.87,09,-.36,09,16.73,09,9900.00,99,9900.00,99
1998,2,3,8,55,20.44,09,-.43,09,19.30,09,9900.00,99,9900.00,99
1998,2,3,9,0,23.75,09,-.54,09,22.34,09,9900.00,99,9900.00,99
1998,2,3,9,5,25.19,09,-.55,09,23.75,09,9900.00,99,9900.00,99
1998,2,3,9,10,23.44,09,-.59,09,22.09,09,9900.00,99,9900.00,99
1998,2,3,9,15,25.22,09,-.56,09,23.72,09,9900.00,99,9900.00,99
1998,2,3,9,20,29.48,09,-.53,09,28.11,09,9900.00,99,9900.00,99
1998,2,3,9,25,32.98,09,-.54,09,31.47,09,9900.00,99,9900.00,99
1998,2,3,9,30,31.03,09,-.64,09,29.54,09,9900.00,99,9900.00,99
1998,2,3,9,35,31.11,09,-.66,09,29.42,09,9900.00,99,9900.00,99
1998,2,3,9,40,34.54,09,-.64,09,32.90,09,9900.00,99,9900.00,99
1998,2,3,9,45,41.30,09,-.51,09,39.59,09,9900.00,99,9900.00,99
1998,2,3,9,50,44.75,09,-.50,09,43.24,09,9900.00,99,9900.00,99
1998,2,3,9,55,46.85,03,-.51,03,45.02,03,9900.00,99,9900.00,99
1998,2,3,10,0,47.38,03,-.66,03,45.40,03,9900.00,99,9900.00,99
1998,2,3,10,5,48.48,03,-.70,03,46.46,03,9900.00,99,9900.00,99
1998,2,3,10,10,50.40,03,-.64,03,48.34,03,9900.00,99,9900.00,99
1998,2,3,10,15,53.15,03,-.62,03,51.07,03,9900.00,99,9900.00,99
1998,2,3,10,20,57.16,03,-.55,03,55.06,03,9900.00,99,9900.00,99
1998,2,3,10,25,56.18,03,-.68,03,54.09,03,9900.00,99,9900.00,99
1998,2,3,10,30,55.90,03,-.74,03,53.94,03,9900.00,99,9900.00,99
1998,2,3,10,35,56.45,03,-.77,03,54.50,03,9900.00,99,9900.00,99
1998,2,3,10,40,57.66,03,-.76,03,55.66,03,9900.00,99,9900.00,99
1998,2,3,10,45,60.63,03,-.76,03,58.56,03,9900.00,99,9900.00,99
1998,2,3,10,50,60.76,03,-.69,03,58.75,03,9900.00,99,9900.00,99
1998,2,3,10,55,63.91,03,-.73,03,61.56,03,9900.00,99,9900.00,99
1998,2,3,11,0,69.44,03,-.71,03,66.91,03,9900.00,99,9900.00,99
1998,2,3,11,5,78.34,03,-.65,03,75.47,03,9900.00,99,9900.00,99
1998,2,3,11,10,78.72,03,-.69,03,76.01,03,9900.00,99,9900.00,99
1998,2,3,11,15,75.23,03,-.71,03,72.49,03,9900.00,99,9900.00,99
1998,2,3,11,20,74.98,03,-.71,03,72.12,03,9900.00,99,9900.00,99
1998,2,3,11,25,82.80,03,-.71,03,80.24,03,9900.00,99,9900.00,99
1998,2,3,11,30,93.39,03,-.71,03,90.79,03,9900.00,99,9900.00,99
1998,2,3,11,35,91.06,03,-.74,03,88.47,03,9900.00,99,9900.00,99
1998,2,3,11,40,88.21,03,-.77,03,85.63,03,9900.00,99,9900.00,99
1998,2,3,11,45,101.57,03,-.71,03,98.39,03,9900.00,99,9900.00,99
1998,2,3,11,50,117.53,03,-.74,03,114.71,03,9900.00,99,9900.00,99
1998,2,3,11,55,134.79,03,-.44,03,131.45,03,9900.00,99,9900.00,99
1998,2,3,12,0,122.55,03,-.69,03,119.39,03,9900.00,99,9900.00,99
1998,2,3,12,5,106.40,03,-.79,03,103.54,03,9900.00,99,9900.00,99
1998,2,3,12,10,102.25,03,-.64,03,98.87,03,9900.00,99,9900.00,99
1998,2,3,12,15,104.60,03,-.75,03,101.19,03,9900.00,99,9900.00,99
1998,2,3,12,20,104.60,03,-.78,03,101.26,03,9900.00,99,9900.00,99
1998,2,3,12,25,104.38,03,-.77,03,101.01,03,9900.00,99,9900.00,99
1998,2,3,12,30,122.05,03,-.62,03,118.16,03,9900.00,99,9900.00,99
1998,2,3,12,35,133.34,03,-.71,03,129.83,03,9900.00,99,9900.00,99
1998,2,3,12,40,127.12,03,-.71,03,123.40,03,9900.00,99,9900.00,99
1998,2,3,12,45,142.67,03,-.65,03,138.36,03,9900.00,99,9900.00,99
1998,2,3,12,50,168.62,03,-.57,03,163.82,03,9900.00,99,9900.00,99
1998,2,3,12,55,161.35,03,-.64,03,156.21,03,9900.00,99,9900.00,99
1998,2,3,13,0,147.72,03,-.71,03,143.12,03,9900.00,99,9900.00,99
1998,2,3,13,5,149.57,03,-.64,03,145.11,03,9900.00,99,9900.00,99
1998,2,3,13,10,152.07,03,-.57,03,147.45,03,9900.00,99,9900.00,99
1998,2,3,13,15,154.58,03,-.55,03,149.97,03,9900.00,99,9900.00,99
1998,2,3,13,20,151.26,03,-.62,03,146.63,03,9900.00,99,9900.00,99
1998,2,3,13,25,137.10,03,-.71,03,133.00,03,9900.00,99,9900.00,99
1998,2,3,13,30,105.47,03,-.78,03,102.36,03,9900.00,99,9900.00,99
1998,2,3,13,35,89.43,03,-.78,03,86.47,03,9900.00,99,9900.00,99
1998,2,3,13,40,81.19,03,-.80,03,77.97,03,9900.00,99,9900.00,99
1998,2,3,13,45,69.95,03,-.79,03,66.57,03,9900.00,99,9900.00,99
1998,2,3,13,50,76.90,03,-.56,03,73.85,03,9900.00,99,9900.00,99
1998,2,3,13,55,74.92,03,-.69,03,72.81,03,9900.00,99,9900.00,99
1998,2,3,14,0,74.36,03,-.89,03,73.33,03,9900.00,99,9900.00,99
1998,2,3,14,5,73.45,03,-.99,03,70.58,03,9900.00,99,9900.00,99
1998,2,3,14,10,66.46,03,-.78,03,64.09,03,9900.00,99,9900.00,99
1998,2,3,14,15,49.76,03,-.78,03,47.76,03,9900.00,99,9900.00,99
1998,2,3,14,20,41.77,03,-.78,03,40.43,03,9900.00,99,9900.00,99
1998,2,3,14,25,45.50,03,-.70,03,43.97,03,9900.00,99,9900.00,99
1998,2,3,14,30,47.63,03,-.67,03,45.99,03,9900.00,99,9900.00,99
1998,2,3,14,35,48.70,03,-.72,03,47.05,03,9900.00,99,9900.00,99
1998,2,3,14,40,48.73,03,-.67,03,47.22,03,9900.00,99,9900.00,99
1998,2,3,14,45,47.01,03,-.62,03,45.34,03,9900.00,99,9900.00,99
1998,2,3,14,50,44.97,03,-.53,03,43.20,03,9900.00,99,9900.00,99
1998,2,3,14,55,44.49,03,-.53,03,42.65,03,9900.00,99,9900.00,99
1998,2,3,15,0,46.35,03,-.69,03,44.41,03,9900.00,99,9900.00,99
1998,2,3,15,5,43.52,03,-.55,03,41.58,03,9900.00,99,9900.00,99
1998,2,3,15,10,43.07,03,-.50,03,40.83,03,9900.00,99,9900.00,99
1998,2,3,15,15,44.74,03,-.35,03,42.59,03,9900.00,99,9900.00,99
1998,2,3,15,20,43.98,03,-.54,03,42.13,03,9900.00,99,9900.00,99
1998,2,3,15,25,37.66,09,-.64,09,36.17,09,9900.00,99,9900.00,99
1998,2,3,15,30,22.93,09,-.64,09,22.05,09,9900.00,99,9900.00,99
1998,2,3,15,35,18.29,09,-.55,09,17.24,09,9900.00,99,9900.00,99
1998,2,3,15,40,17.51,09,-.57,09,16.43,09,9900.00,99,9900.00,99
1998,2,3,15,45,18.26,09,-.50,09,17.12,09,9900.00,99,9900.00,99
1998,2,3,15,50,21.38,09,-.39,09,20.32,09,9900.00,99,9900.00,99
1998,2,3,15,55,21.02,09,-.38,09,19.87,09,9900.00,99,9900.00,99
1998,2,3,16,0,20.33,09,-.44,09,19.09,09,9900.00,99,9900.00,99
1998,2,3,16,5,19.43,09,-.57,09,18.15,09,9900.00,99,9900.00,99
1998,2,3,16,10,18.27,09,-.71,09,17.02,09,9900.00,99,9900.00,99
1998,2,3,16,15,15.66,09,-.73,09,14.65,09,9900.00,99,9900.00,99
1998,2,3,16,20,15.01,09,-.68,09,14.18,09,9900.00,99,9900.00,99
1998,2,3,16,25,13.89,09,-.61,09,13.02,09,9900.00,99,9900.00,99
1998,2,3,16,30,13.75,09,-.61,09,12.88,09,9900.00,99,9900.00,99
1998,2,3,16,35,12.00,09,-.59,09,11.00,09,9900.00,99,9900.00,99
1998,2,3,16,40,10.12,09,-.39,09,9.12,09,9900.00,99,9900.00,99
1998,2,3,16,45,7.78,09,-.35,09,7.68,09,9900.00,99,9900.00,99
1998,2,3,16,50,7.43,09,-.41,09,7.11,09,9900.00,99,9900.00,99
1998,2,3,16,55,6.17,01,-.67,01,6.12,01,9900.00,99,9900.00,99
1998,2,3,17,0,6.25,01,-.75,01,5.75,01,9900.00,99,9900.00,99
1998,2,3,17,5,5.32,01,-.76,01,4.54,01,9900.00,99,9900.00,99
1998,2,3,17,10,3.69,01,-.76,01,3.42,01,9900.00,99,9900.00,99
1998,2,3,17,15,2.93,01,-.77,01,2.70,01,9900.00,99,9900.00,99
1998,2,3,17,20,3.11,01,-.51,01,3.00,01,9900.00,99,9900.00,99
1998,2,3,17,25,2.85,01,-.45,01,2.49,01,9900.00,99,9900.00,99
1998,2,3,17,30,1.82,01,-.58,01,1.42,01,9900.00,99,9900.00,99
1998,2,3,17,35,1.25,01,-.74,01,.95,01,9900.00,99,9900.00,99
1998,2,3,17,40,.79,01,-.37,01,.18,01,9900.00,99,9900.00,99
1998,2,3,17,45,.69,01,-.23,01,-.01,01,9900.00,99,9900.00,99
1998,2,3,17,50,.69,01,-.31,01,-.02,01,9900.00,99,9900.00,99
1998,2,3,17,55,.65,01,-.39,01,-.13,01,9900.00,99,9900.00,99
1998,2,3,18,0,.31,01,-.25,01,-.33,01,9900.00,99,9900.00,99
1998,2,3,18,5,.09,01,-.36,01,-.60,01,9900.00,99,9900.00,99
1998,2,3,18,10,.05,01,-.33,01,-.56,01,9900.00,99,9900.00,99
1998,2,3,18,15,.08,01,-.33,01,-.59,01,9900.00,99,9900.00,99
1998,2,3,18,20,.12,01,-.41,01,-.54,01,9900.00,99,9900.00,99
1998,2,3,18,25,.06,01,-.42,01,-.51,01,9900.00,99,9900.00,99
1998,2,3,18,30,.08,01,-.32,01,-.54,01,9900.00,99,9900.00,99
1998,2,3,18,35,.09,01,-.25,01,-.60,01,9900.00,99,9900.00,99
1998,2,3,18,40,.06,01,-.33,01,-.64,01,9900.00,99,9900.00,99
1998,2,3,18,45,.04,01,-.31,01,-.66,01,9900.00,99,9900.00,99
1998,2,3,18,50,.08,01,-.30,01,-.66,01,9900.00,99,9900.00,99
1998,2,3,18,55,.06,01,-.33,01,-.57,01,9900.00,99,9900.00,99
1998,2,3,19,0,.05,01,-.33,01,-.56,01,9900.00,99,9900.00,99
1998,2,3,19,5,.05,01,-.33,01,-.62,01,9900.00,99,9900.00,99
1998,2,3,19,10,.10,01,-.35,01,-.44,01,9900.00,99,9900.00,99
1998,2,3,19,15,.20,01,-.39,01,-.37,01,9900.00,99,9900.00,99
1998,2,3,19,20,.12,01,-.44,01,-.39,01,9900.00,99,9900.00,99
1998,2,3,19,25,.18,01,-.38,01,-.37,01,9900.00,99,9900.00,99
1998,2,3,19,30,.18,01,-.42,01,-.38,01,9900.00,99,9900.00,99
1998,2,3,19,35,.18,01,-.43,01,-.38,01,9900.00,99,9900.00,99
1998,2,3,19,40,.16,01,-.37,01,-.36,01,9900.00,99,9900.00,99
1998,2,3,19,45,.21,01,-.35,01,-.38,01,9900.00,99,9900.00,99
1998,2,3,19,50,.12,01,-.36,01,-.34,01,9900.00,99,9900.00,99
1998,2,3,19,55,.20,01,-.39,01,-.38,01,9900.00,99,9900.00,99
1998,2,3,20,0,.20,01,-.37,01,-.36,01,9900.00,99,9900.00,99
1998,2,3,20,5,.17,01,-.34,01,-.34,01,9900.00,99,9900.00,99
1998,2,3,20,10,.17,01,-.39,01,-.35,01,9900.00,99,9900.00,99
1998,2,3,20,15,.17,01,-.35,01,-.36,01,9900.00,99,9900.00,99
1998,2,3,20,20,.17,01,-.37,01,-.34,01,9900.00,99,9900.00,99
1998,2,3,20,25,.18,01,-.35,01,-.34,01,9900.00,99,9900.00,99
1998,2,3,20,30,.20,01,-.37,01,-.31,01,9900.00,99,9900.00,99
1998,2,3,20,35,.21,01,-.37,01,-.32,01,9900.00,99,9900.00,99
1998,2,3,20,40,.23,01,-.41,01,-.32,01,9900.00,99,9900.00,99
1998,2,3,20,45,.25,01,-.36,01,-.32,01,9900.00,99,9900.00,99
1998,2,3,20,50,.27,01,-.39,01,-.33,01,9900.00,99,9900.00,99
1998,2,3,20,55,.24,01,-.37,01,-.31,01,9900.00,99,9900.00,99
1998,2,3,21,0,.21,01,-.39,01,-.37,01,9900.00,99,9900.00,99
1998,2,3,21,5,.20,01,-.39,01,-.34,01,9900.00,99,9900.00,99
1998,2,3,21,10,.25,01,-.36,01,-.32,01,9900.00,99,9900.00,99
1998,2,3,21,15,.17,01,-.35,01,-.32,01,9900.00,99,9900.00,99
1998,2,3,21,20,.26,01,-.36,01,-.30,01,9900.00,99,9900.00,99
1998,2,3,21,25,.17,01,-.44,01,-.34,01,9900.00,99,9900.00,99
1998,2,3,21,30,.21,01,-.37,01,-.35,01,9900.00,99,9900.00,99
1998,2,3,21,35,.23,01,-.34,01,-.30,01,9900.00,99,9900.00,99
1998,2,3,21,40,.26,01,-.37,01,-.22,01,9900.00,99,9900.00,99
1998,2,3,21,45,.29,01,-.42,01,-.25,01,9900.00,99,9900.00,99
1998,2,3,21,50,.22,01,-.35,01,-.30,01,9900.00,99,9900.00,99
1998,2,3,21,55,.25,01,-.38,01,-.25,01,9900.00,99,9900.00,99
1998,2,3,22,0,.26,01,-.41,01,-.28,01,9900.00,99,9900.00,99
1998,2,3,22,5,.20,01,-.35,01,-.28,01,9900.00,99,9900.00,99
1998,2,3,22,10,.23,01,-.42,01,-.29,01,9900.00,99,9900.00,99
1998,2,3,22,15,.20,01,-.35,01,-.24,01,9900.00,99,9900.00,99
1998,2,3,22,20,.25,01,-.39,01,-.26,01,9900.00,99,9900.00,99
1998,2,3,22,25,.28,01,-.43,01,-.23,01,9900.00,99,9900.00,99
1998,2,3,22,30,.30,01,-.39,01,-.23,01,9900.00,99,9900.00,99
1998,2,3,22,35,.27,01,-.38,01,-.30,01,9900.00,99,9900.00,99
1998,2,3,22,40,.27,01,-.38,01,-.21,01,9900.00,99,9900.00,99
1998,2,3,22,45,.32,01,-.46,01,-.19,01,9900.00,99,9900.00,99
1998,2,3,22,50,.29,01,-.45,01,-.25,01,9900.00,99,9900.00,99
1998,2,3,22,55,.26,01,-.39,01,-.17,01,9900.00,99,9900.00,99
1998,2,3,23,0,.29,01,-.43,01,-.25,01,9900.00,99,9900.00,99
1998,2,3,23,5,.29,01,-.44,01,-.23,01,9900.00,99,9900.00,99
1998,2,3,23,10,.28,01,-.41,01,-.26,01,9900.00,99,9900.00,99
1998,2,3,23,15,.32,01,-.40,01,-.26,01,9900.00,99,9900.00,99
1998,2,3,23,20,.30,01,-.41,01,-.21,01,9900.00,99,9900.00,99
1998,2,3,23,25,.32,01,-.41,01,-.19,01,9900.00,99,9900.00,99
1998,2,3,23,30,.29,01,-.42,01,-.23,01,9900.00,99,9900.00,99
1998,2,3,23,35,.32,01,-.40,01,-.21,01,9900.00,99,9900.00,99
1998,2,3,23,40,.29,01,-.44,01,-.16,01,9900.00,99,9900.00,99
1998,2,3,23,45,.33,01,-.50,01,-.18,01,9900.00,99,9900.00,99
1998,2,3,23,50,.34,01,-.50,01,-.22,01,9900.00,99,9900.00,99
1998,2,3,23,55,.35,01,-.49,01,-.17,01,9900.00,99,9900.00,99
1998,2,4,0,0,.34,01,-.47,01,-.17,01,9900.00,99,9900.00,99
1998,2,4,0,5,.43,01,-.51,01,-.15,01,9900.00,99,9900.00,99
1998,2,4,0,10,.41,01,-.51,01,-.13,01,9900.00,99,9900.00,99
1998,2,4,0,15,.41,01,-.51,01,-.09,01,9900.00,99,9900.00,99
1998,2,4,0,20,.39,01,-.53,01,-.17,01,9900.00,99,9900.00,99
1998,2,4,0,25,.41,01,-.56,01,-.13,01,9900.00,99,9900.00,99
1998,2,4,0,30,.40,01,-.61,01,-.09,01,9900.00,99,9900.00,99
1998,2,4,0,35,.37,01,-.56,01,-.11,01,9900.00,99,9900.00,99
1998,2,4,0,40,.40,01,-.53,01,-.12,01,9900.00,99,9900.00,99
1998,2,4,0,45,.41,01,-.57,01,-.11,01,9900.00,99,9900.00,99
1998,2,4,0,50,.40,01,-.58,01,-.11,01,9900.00,99,9900.00,99
1998,2,4,0,55,.41,01,-.56,01,-.15,01,9900.00,99,9900.00,99
1998,2,4,1,0,.40,01,-.60,01,-.08,01,9900.00,99,9900.00,99
1998,2,4,1,5,.38,01,-.61,01,-.13,01,9900.00,99,9900.00,99
1998,2,4,1,10,.37,01,-.57,01,-.12,01,9900.00,99,9900.00,99
1998,2,4,1,15,.37,01,-.59,01,-.15,01,9900.00,99,9900.00,99
1998,2,4,1,20,.35,01,-.48,01,-.14,01,9900.00,99,9900.00,99
1998,2,4,1,25,.34,01,-.47,01,-.13,01,9900.00,99,9900.00,99
1998,2,4,1,30,.32,01,-.43,01,-.17,01,9900.00,99,9900.00,99
1998,2,4,1,35,.31,01,-.50,01,-.17,01,9900.00,99,9900.00,99
1998,2,4,1,40,.28,01,-.50,01,-.22,01,9900.00,99,9900.00,99
1998,2,4,1,45,.24,01,-.49,01,-.24,01,9900.00,99,9900.00,99
1998,2,4,1,50,.31,01,-.44,01,-.15,01,9900.00,99,9900.00,99
1998,2,4,1,55,.27,01,-.48,01,-.19,01,9900.00,99,9900.00,99
1998,2,4,2,0,.29,01,-.50,01,-.18,01,9900.00,99,9900.00,99
1998,2,4,2,5,.27,01,-.46,01,-.21,01,9900.00,99,9900.00,99
1998,2,4,2,10,.26,01,-.49,01,-.24,01,9900.00,99,9900.00,99
1998,2,4,2,15,.24,01,-.49,01,-.21,01,9900.00,99,9900.00,99
1998,2,4,2,20,.23,01,-.55,01,-.18,01,9900.00,99,9900.00,99
1998,2,4,2,25,.29,01,-.44,01,-.17,01,9900.00,99,9900.00,99
1998,2,4,2,30,.25,01,-.45,01,-.20,01,9900.00,99,9900.00,99
1998,2,4,2,35,.20,01,-.45,01,-.25,01,9900.00,99,9900.00,99
1998,2,4,2,40,.23,01,-.48,01,-.19,01,9900.00,99,9900.00,99
1998,2,4,2,45,.30,01,-.46,01,-.18,01,9900.00,99,9900.00,99
1998,2,4,2,50,.25,01,-.52,01,-.23,01,9900.00,99,9900.00,99
1998,2,4,2,55,.25,01,-.47,01,-.25,01,9900.00,99,9900.00,99
1998,2,4,3,0,.31,01,-.48,01,-.17,01,9900.00,99,9900.00,99
1998,2,4,3,5,.32,01,-.50,01,-.19,01,9900.00,99,9900.00,99
1998,2,4,3,10,.21,01,-.47,01,-.25,01,9900.00,99,9900.00,99
1998,2,4,3,15,.28,01,-.46,01,-.18,01,9900.00,99,9900.00,99
1998,2,4,3,20,.29,01,-.53,01,-.19,01,9900.00,99,9900.00,99
1998,2,4,3,25,.21,01,-.46,01,-.25,01,9900.00,99,9900.00,99
1998,2,4,3,30,.23,01,-.41,01,-.17,01,9900.00,99,9900.00,99
1998,2,4,3,35,.27,01,-.48,01,-.18,01,9900.00,99,9900.00,99
1998,2,4,3,40,.25,01,-.42,01,-.19,01,9900.00,99,9900.00,99
1998,2,4,3,45,.27,01,-.41,01,-.20,01,9900.00,99,9900.00,99
1998,2,4,3,50,.30,01,-.41,01,-.21,01,9900.00,99,9900.00,99
1998,2,4,3,55,.25,01,-.41,01,-.20,01,9900.00,99,9900.00,99
1998,2,4,4,0,.27,01,-.41,01,-.21,01,9900.00,99,9900.00,99
1998,2,4,4,5,.25,01,-.39,01,-.25,01,9900.00,99,9900.00,99
1998,2,4,4,10,.21,01,-.41,01,-.28,01,9900.00,99,9900.00,99
1998,2,4,4,15,.21,01,-.43,01,-.29,01,9900.00,99,9900.00,99
1998,2,4,4,20,.20,01,-.37,01,-.21,01,9900.00,99,9900.00,99
1998,2,4,4,25,.24,01,-.43,01,-.19,01,9900.00,99,9900.00,99
1998,2,4,4,30,.26,01,-.36,01,-.24,01,9900.00,99,9900.00,99
1998,2,4,4,35,.29,01,-.37,01,-.21,01,9900.00,99,9900.00,99
1998,2,4,4,40,.29,01,-.40,01,-.22,01,9900.00,99,9900.00,99
1998,2,4,4,45,.30,01,-.40,01,-.25,01,9900.00,99,9900.00,99
1998,2,4,4,50,.26,01,-.41,01,-.25,01,9900.00,99,9900.00,99
1998,2,4,4,55,.23,01,-.41,01,-.25,01,9900.00,99,9900.00,99
1998,2,4,5,0,.29,01,-.37,01,-.25,01,9900.00,99,9900.00,99
1998,2,4,5,5,.29,01,-.41,01,-.25,01,9900.00,99,9900.00,99
1998,2,4,5,10,.26,01,-.36,01,-.23,01,9900.00,99,9900.00,99
1998,2,4,5,15,.30,01,-.38,01,-.29,01,9900.00,99,9900.00,99
1998,2,4,5,20,.24,01,-.38,01,-.27,01,9900.00,99,9900.00,99
1998,2,4,5,25,.21,01,-.34,01,-.29,01,9900.00,99,9900.00,99
1998,2,4,5,30,.26,01,-.33,01,-.27,01,9900.00,99,9900.00,99
1998,2,4,5,35,.20,01,-.39,01,-.28,01,9900.00,99,9900.00,99
1998,2,4,5,40,.23,01,-.33,01,-.33,01,9900.00,99,9900.00,99
1998,2,4,5,45,.26,01,-.32,01,-.30,01,9900.00,99,9900.00,99
1998,2,4,5,50,.29,01,-.32,01,-.30,01,9900.00,99,9900.00,99
1998,2,4,5,55,.22,01,-.33,01,-.30,01,9900.00,99,9900.00,99
1998,2,4,6,0,.23,01,-.27,01,-.34,01,9900.00,99,9900.00,99
1998,2,4,6,5,.24,01,-.39,01,-.28,01,9900.00,99,9900.00,99
1998,2,4,6,10,.25,01,-.33,01,-.37,01,9900.00,99,9900.00,99
1998,2,4,6,15,.22,01,-.28,01,-.30,01,9900.00,99,9900.00,99
1998,2,4,6,20,.21,01,-.30,01,-.30,01,9900.00,99,9900.00,99
1998,2,4,6,25,.22,01,-.29,01,-.37,01,9900.00,99,9900.00,99
1998,2,4,6,30,.20,01,-.28,01,-.39,01,9900.00,99,9900.00,99
1998,2,4,6,35,.16,01,-.23,01,-.41,01,9900.00,99,9900.00,99
1998,2,4,6,40,.17,01,-.23,01,-.43,01,9900.00,99,9900.00,99
1998,2,4,6,45,.19,01,-.19,01,-.41,01,9900.00,99,9900.00,99
1998,2,4,6,50,.14,01,-.16,01,-.43,01,9900.00,99,9900.00,99
1998,2,4,6,55,.07,01,-.15,01,-.47,01,9900.00,99,9900.00,99
1998,2,4,7,0,.10,01,-.13,01,-.50,01,9900.00,99,9900.00,99
1998,2,4,7,5,.12,01,-.10,01,-.50,01,9900.00,99,9900.00,99
1998,2,4,7,10,.04,01,-.05,01,-.64,01,9900.00,99,9900.00,99
1998,2,4,7,15,.07,01,-.02,01,-.72,01,9900.00,99,9900.00,99
1998,2,4,7,20,.09,01,-.03,01,-.52,01,9900.00,99,9900.00,99
1998,2,4,7,25,.18,01,-.01,01,-.30,01,9900.00,99,9900.00,99
1998,2,4,7,30,.48,01,-.01,01,-.07,01,9900.00,99,9900.00,99
1998,2,4,7,35,.91,01,-.01,01,.10,01,9900.00,99,9900.00,99
1998,2,4,7,40,1.61,01,0.00,01,.89,01,9900.00,99,9900.00,99
1998,2,4,7,45,2.32,01,-.01,01,1.40,01,9900.00,99,9900.00,99
1998,2,4,7,50,2.94,01,-.01,01,2.16,01,9900.00,99,9900.00,99
1998,2,4,7,55,4.16,01,-.01,01,3.41,01,9900.00,99,9900.00,99
1998,2,4,8,0,5.08,01,-.01,01,3.76,01,9900.00,99,9900.00,99
1998,2,4,8,5,6.59,01,-.01,01,5.30,01,9900.00,99,9900.00,99
1998,2,4,8,10,8.49,01,-.01,01,7.29,01,9900.00,99,9900.00,99
1998,2,4,8,15,8.36,01,-.01,01,7.18,01,9900.00,99,9900.00,99
1998,2,4,8,20,8.33,01,-.01,01,7.15,01,9900.00,99,9900.00,99
1998,2,4,8,25,9.73,01,0.00,01,8.68,01,9900.00,99,9900.00,99
1998,2,4,8,30,12.59,09,.22,09,10.68,09,9900.00,99,9900.00,99
1998,2,4,8,35,13.10,09,.74,09,11.19,09,9900.00,99,9900.00,99
1998,2,4,8,40,12.94,09,.73,09,11.18,09,9900.00,99,9900.00,99
1998,2,4,8,45,12.95,09,.68,09,11.10,09,9900.00,99,9900.00,99
1998,2,4,8,50,13.18,09,1.02,09,11.45,09,9900.00,99,9900.00,99
1998,2,4,8,55,14.51,09,1.30,09,12.94,09,9900.00,99,9900.00,99
1998,2,4,9,0,17.67,09,1.20,09,16.24,09,9900.00,99,9900.00,99
1998,2,4,9,5,19.11,09,.83,09,17.97,09,9900.00,99,9900.00,99
1998,2,4,9,10,22.70,09,.55,09,21.73,09,9900.00,99,9900.00,99
1998,2,4,9,15,24.27,09,.20,09,23.66,09,9900.00,99,9900.00,99
1998,2,4,9,20,27.03,09,-.05,09,26.66,09,9900.00,99,9900.00,99
1998,2,4,9,25,28.64,09,-.30,09,26.06,09,9900.00,99,9900.00,99
1998,2,4,9,30,32.39,09,-.46,09,30.36,09,9900.00,99,9900.00,99
1998,2,4,9,35,36.86,09,-.46,09,36.07,09,9900.00,99,9900.00,99
1998,2,4,9,40,41.07,09,-.46,09,41.60,09,9900.00,99,9900.00,99
1998,2,4,9,45,37.79,09,-.54,09,39.10,09,9900.00,99,9900.00,99
1998,2,4,9,50,38.73,09,-.52,09,40.94,09,9900.00,99,9900.00,99
1998,2,4,9,55,44.41,03,-.55,03,46.52,03,9900.00,99,9900.00,99
1998,2,4,10,0,49.77,03,-.45,03,50.46,03,9900.00,99,9900.00,99
1998,2,4,10,5,51.02,03,-.50,03,50.25,03,9900.00,99,9900.00,99
1998,2,4,10,10,52.99,03,-.53,03,51.54,03,9900.00,99,9900.00,99
1998,2,4,10,15,53.43,03,-.63,03,51.60,03,9900.00,99,9900.00,99
1998,2,4,10,20,53.28,03,-.59,03,52.15,03,9900.00,99,9900.00,99
1998,2,4,10,25,59.62,03,-.55,03,58.99,03,9900.00,99,9900.00,99
1998,2,4,10,30,61.62,03,-.64,03,61.09,03,9900.00,99,9900.00,99
1998,2,4,10,35,64.59,03,-.59,03,63.58,03,9900.00,99,9900.00,99
1998,2,4,10,40,71.82,03,-.53,03,70.54,03,9900.00,99,9900.00,99
1998,2,4,10,45,78.02,03,-.53,03,76.37,03,9900.00,99,9900.00,99
1998,2,4,10,50,76.03,03,-.49,03,74.19,03,9900.00,99,9900.00,99
1998,2,4,10,55,73.58,03,-.60,03,72.74,03,9900.00,99,9900.00,99
1998,2,4,11,0,63.08,03,-.73,03,62.10,03,9900.00,99,9900.00,99
1998,2,4,11,5,62.54,03,-.65,03,61.48,03,9900.00,99,9900.00,99
1998,2,4,11,10,54.42,03,-.48,03,54.16,03,9900.00,99,9900.00,99
1998,2,4,11,15,50.01,03,-.69,03,49.83,03,9900.00,99,9900.00,99
1998,2,4,11,20,44.08,03,-.22,03,44.25,03,9900.00,99,9900.00,99
1998,2,4,11,25,52.14,03,-.10,03,52.90,03,9900.00,99,9900.00,99
1998,2,4,11,30,61.43,03,-.08,03,62.65,03,9900.00,99,9900.00,99
1998,2,4,11,35,81.55,03,-.18,03,82.93,03,9900.00,99,9900.00,99
1998,2,4,11,40,105.85,03,-.15,03,108.66,03,9900.00,99,9900.00,99
1998,2,4,11,45,113.22,03,-.08,03,117.03,03,9900.00,99,9900.00,99
1998,2,4,11,50,121.79,03,-.13,03,126.92,03,9900.00,99,9900.00,99
1998,2,4,11,55,135.55,03,-.13,03,141.44,03,9900.00,99,9900.00,99
1998,2,4,12,0,129.75,03,-.51,03,132.97,03,9900.00,99,9900.00,99
1998,2,4,12,5,120.34,03,-.73,03,120.24,03,9900.00,99,9900.00,99
1998,2,4,12,10,95.54,03,-.86,03,94.27,03,9900.00,99,9900.00,99
1998,2,4,12,15,87.35,03,-.98,03,84.75,03,9900.00,99,9900.00,99
1998,2,4,12,20,94.56,03,-.72,03,91.40,03,9900.00,99,9900.00,99
1998,2,4,12,25,94.26,03,-.68,03,93.50,03,9900.00,99,9900.00,99
1998,2,4,12,30,99.76,03,-.75,03,100.07,03,9900.00,99,9900.00,99
1998,2,4,12,35,112.61,03,-.41,03,111.24,03,9900.00,99,9900.00,99
1998,2,4,12,40,118.09,03,-.21,03,115.24,03,9900.00,99,9900.00,99
1998,2,4,12,45,104.95,03,-.33,03,102.92,03,9900.00,99,9900.00,99
1998,2,4,12,50,104.15,03,-.01,03,102.28,03,9900.00,99,9900.00,99
1998,2,4,12,55,92.77,03,-.05,03,90.85,03,9900.00,99,9900.00,99
1998,2,4,13,0,86.62,03,-.24,03,83.92,03,9900.00,99,9900.00,99
1998,2,4,13,5,85.14,03,-.69,03,82.10,03,9900.00,99,9900.00,99
1998,2,4,13,10,76.30,03,-.82,03,73.25,03,9900.00,99,9900.00,99
1998,2,4,13,15,81.27,03,-.78,03,77.34,03,9900.00,99,9900.00,99
1998,2,4,13,20,78.54,03,-.62,03,74.18,03,9900.00,99,9900.00,99
1998,2,4,13,25,79.05,03,-.26,03,73.98,03,9900.00,99,9900.00,99
1998,2,4,13,30,82.58,03,-.04,03,77.19,03,9900.00,99,9900.00,99
1998,2,4,13,35,87.75,03,0.00,03,81.42,03,9900.00,99,9900.00,99
1998,2,4,13,40,95.42,03,-.03,03,88.83,03,9900.00,99,9900.00,99
1998,2,4,13,45,104.19,03,-.08,03,96.27,03,9900.00,99,9900.00,99
1998,2,4,13,50,97.50,03,-.06,03,90.25,03,9900.00,99,9900.00,99
1998,2,4,13,55,109.63,03,-.26,03,100.84,03,9900.00,99,9900.00,99
1998,2,4,14,0,102.39,03,-.79,03,95.90,03,9900.00,99,9900.00,99
1998,2,4,14,5,90.30,03,-.93,03,88.31,03,9900.00,99,9900.00,99
1998,2,4,14,10,92.41,03,-.82,03,89.98,03,9900.00,99,9900.00,99
1998,2,4,14,15,91.92,03,-.81,03,88.50,03,9900.00,99,9900.00,99
1998,2,4,14,20,83.94,03,-.77,03,82.12,03,9900.00,99,9900.00,99
1998,2,4,14,25,85.32,03,-.78,03,83.23,03,9900.00,99,9900.00,99
1998,2,4,14,30,79.48,03,-.77,03,77.42,03,9900.00,99,9900.00,99
1998,2,4,14,35,75.73,03,-.77,03,74.30,03,9900.00,99,9900.00,99
1998,2,4,14,40,73.20,03,-.76,03,71.99,03,9900.00,99,9900.00,99
1998,2,4,14,45,75.91,03,-.77,03,74.48,03,9900.00,99,9900.00,99
1998,2,4,14,50,70.40,03,-.64,03,68.83,03,9900.00,99,9900.00,99
1998,2,4,14,55,73.71,03,-.58,03,71.84,03,9900.00,99,9900.00,99
1998,2,4,15,0,57.70,03,-.73,03,55.95,03,9900.00,99,9900.00,99
1998,2,4,15,5,53.04,03,-.76,03,51.40,03,9900.00,99,9900.00,99
1998,2,4,15,10,53.66,03,-.76,03,52.44,03,9900.00,99,9900.00,99
1998,2,4,15,15,47.86,03,-.75,03,46.63,03,9900.00,99,9900.00,99
1998,2,4,15,20,44.87,03,-.73,03,43.63,03,9900.00,99,9900.00,99
1998,2,4,15,25,43.60,09,-.62,09,42.38,09,9900.00,99,9900.00,99
1998,2,4,15,30,41.52,09,-.45,09,40.26,09,9900.00,99,9900.00,99
1998,2,4,15,35,39.49,09,-.64,09,38.31,09,9900.00,99,9900.00,99
1998,2,4,15,40,36.98,09,-.71,09,35.96,09,9900.00,99,9900.00,99
1998,2,4,15,45,35.46,09,-.76,09,34.40,09,9900.00,99,9900.00,99
1998,2,4,15,50,39.45,09,-.71,09,38.34,09,9900.00,99,9900.00,99
1998,2,4,15,55,39.52,09,-.71,09,38.51,09,9900.00,99,9900.00,99
1998,2,4,16,0,36.11,09,-.66,09,35.08,09,9900.00,99,9900.00,99
1998,2,4,16,5,34.08,09,-.69,09,32.91,09,9900.00,99,9900.00,99
1998,2,4,16,10,32.61,09,-.62,09,31.36,09,9900.00,99,9900.00,99
1998,2,4,16,15,27.60,09,-.63,09,26.54,09,9900.00,99,9900.00,99
1998,2,4,16,20,23.46,09,-.66,09,22.62,09,9900.00,99,9900.00,99
1998,2,4,16,25,20.32,09,-.59,09,19.50,09,9900.00,99,9900.00,99
1998,2,4,16,30,24.49,09,-.59,09,23.45,09,9900.00,99,9900.00,99
1998,2,4,16,35,32.27,03,-.46,03,31.20,03,9900.00,99,9900.00,99
1998,2,4,16,40,35.73,03,-.10,03,34.49,03,9900.00,99,9900.00,99
1998,2,4,16,45,33.89,03,-.13,03,32.44,03,9900.00,99,9900.00,99
1998,2,4,16,50,34.13,03,-.23,03,32.78,03,9900.00,99,9900.00,99
1998,2,4,16,55,34.33,01,-.38,01,32.88,01,9900.00,99,9900.00,99
1998,2,4,17,0,22.51,01,-.56,01,21.48,01,9900.00,99,9900.00,99
1998,2,4,17,5,12.22,01,-.73,01,11.55,01,9900.00,99,9900.00,99
1998,2,4,17,10,11.72,01,-.75,01,10.98,01,9900.00,99,9900.00,99
1998,2,4,17,15,10.62,01,-.61,01,9.90,01,9900.00,99,9900.00,99
1998,2,4,17,20,10.13,01,-.49,01,9.51,01,9900.00,99,9900.00,99
1998,2,4,17,25,9.27,01,-.39,01,8.73,01,9900.00,99,9900.00,99
1998,2,4,17,30,6.82,01,-.32,01,6.19,01,9900.00,99,9900.00,99
1998,2,4,17,35,4.63,01,-.32,01,4.31,01,9900.00,99,9900.00,99
1998,2,4,17,40,3.12,01,-.36,01,3.03,01,9900.00,99,9900.00,99
1998,2,4,17,45,2.19,01,-.42,01,1.72,01,9900.00,99,9900.00,99
1998,2,4,17,50,1.13,01,-.36,01,.78,01,9900.00,99,9900.00,99
1998,2,4,17,55,.73,01,-.38,01,.13,01,9900.00,99,9900.00,99
1998,2,4,18,0,.57,01,-.41,01,0.00,01,9900.00,99,9900.00,99
1998,2,4,18,5,.19,01,-.46,01,-.16,01,9900.00,99,9900.00,99
1998,2,4,18,10,.01,01,-.53,01,-.52,01,9900.00,99,9900.00,99
1998,2,4,18,15,.06,01,-.55,01,-.65,01,9900.00,99,9900.00,99
1998,2,4,18,20,.04,01,-.46,01,-.60,01,9900.00,99,9900.00,99
1998,2,4,18,25,.02,01,-.39,01,-.50,01,9900.00,99,9900.00,99
1998,2,4,18,30,.07,01,-.48,01,-.63,01,9900.00,99,9900.00,99
1998,2,4,18,35,.05,01,-.44,01,-.58,01,9900.00,99,9900.00,99
1998,2,4,18,40,0.00,01,-.62,01,-.74,01,9900.00,99,9900.00,99
1998,2,4,18,45,.01,01,-.68,01,-.79,01,9900.00,99,9900.00,99
1998,2,4,18,50,-.02,01,-.68,01,-.80,01,9900.00,99,9900.00,99
1998,2,4,18,55,-.07,01,-.69,01,-.82,01,9900.00,99,9900.00,99
1998,2,4,19,0,-.05,01,-.71,01,-.80,01,9900.00,99,9900.00,99
1998,2,4,19,5,-.05,01,-.67,01,-.79,01,9900.00,99,9900.00,99
1998,2,4,19,10,-.05,01,-.69,01,-.81,01,9900.00,99,9900.00,99
1998,2,4,19,15,-.01,01,-.68,01,-.79,01,9900.00,99,9900.00,99
1998,2,4,19,20,-.02,01,-.51,01,-.79,01,9900.00,99,9900.00,99
1998,2,4,19,25,.02,01,-.40,01,-.79,01,9900.00,99,9900.00,99
1998,2,4,19,30,.01,01,-.54,01,-.67,01,9900.00,99,9900.00,99
1998,2,4,19,35,.03,01,-.45,01,-.55,01,9900.00,99,9900.00,99
1998,2,4,19,40,.08,01,-.51,01,-.49,01,9900.00,99,9900.00,99
1998,2,4,19,45,.07,01,-.49,01,-.52,01,9900.00,99,9900.00,99
1998,2,4,19,50,.03,01,-.46,01,-.62,01,9900.00,99,9900.00,99
1998,2,4,19,55,.02,01,-.44,01,-.66,01,9900.00,99,9900.00,99
1998,2,4,20,0,.02,01,-.42,01,-.64,01,9900.00,99,9900.00,99
1998,2,4,20,5,.03,01,-.47,01,-.62,01,9900.00,99,9900.00,99
1998,2,4,20,10,.02,01,-.46,01,-.63,01,9900.00,99,9900.00,99
1998,2,4,20,15,.05,01,-.42,01,-.64,01,9900.00,99,9900.00,99
1998,2,4,20,20,.06,01,-.39,01,-.60,01,9900.00,99,9900.00,99
1998,2,4,20,25,.04,01,-.41,01,-.54,01,9900.00,99,9900.00,99
1998,2,4,20,30,.09,01,-.38,01,-.59,01,9900.00,99,9900.00,99
1998,2,4,20,35,.07,01,-.39,01,-.64,01,9900.00,99,9900.00,99
1998,2,4,20,40,.07,01,-.38,01,-.64,01,9900.00,99,9900.00,99
1998,2,4,20,45,.12,01,-.41,01,-.59,01,9900.00,99,9900.00,99
1998,2,4,20,50,.09,01,-.37,01,-.56,01,9900.00,99,9900.00,99
1998,2,4,20,55,.16,01,-.37,01,-.60,01,9900.00,99,9900.00,99
1998,2,4,21,0,.10,01,-.39,01,-.58,01,9900.00,99,9900.00,99
1998,2,4,21,5,.14,01,-.41,01,-.53,01,9900.00,99,9900.00,99
1998,2,4,21,10,.15,01,-.44,01,-.60,01,9900.00,99,9900.00,99
1998,2,4,21,15,.16,01,-.43,01,-.52,01,9900.00,99,9900.00,99
1998,2,4,21,20,.19,01,-.32,01,-.57,01,9900.00,99,9900.00,99
1998,2,4,21,25,.26,01,-.37,01,-.52,01,9900.00,99,9900.00,99
1998,2,4,21,30,.26,01,-.36,01,-.47,01,9900.00,99,9900.00,99
1998,2,4,21,35,.26,01,-.25,01,-.31,01,9900.00,99,9900.00,99
1998,2,4,21,40,.30,01,-.35,01,-.30,01,9900.00,99,9900.00,99
1998,2,4,21,45,.35,01,-.37,01,-.24,01,9900.00,99,9900.00,99
1998,2,4,21,50,.41,01,-.37,01,-.24,01,9900.00,99,9900.00,99
1998,2,4,21,55,.38,01,-.40,01,-.23,01,9900.00,99,9900.00,99
1998,2,4,22,0,.44,01,-.35,01,-.24,01,9900.00,99,9900.00,99
1998,2,4,22,5,.48,01,-.28,01,-.14,01,9900.00,99,9900.00,99
1998,2,4,22,10,.44,01,-.39,01,-.23,01,9900.00,99,9900.00,99
1998,2,4,22,15,.46,01,-.34,01,-.23,01,9900.00,99,9900.00,99
1998,2,4,22,20,.49,01,-.36,01,-.23,01,9900.00,99,9900.00,99
1998,2,4,22,25,.51,01,-.37,01,-.22,01,9900.00,99,9900.00,99
1998,2,4,22,30,.46,01,-.32,01,-.23,01,9900.00,99,9900.00,99
1998,2,4,22,35,.48,01,-.25,01,-.19,01,9900.00,99,9900.00,99
1998,2,4,22,40,.50,01,-.18,01,-.22,01,9900.00,99,9900.00,99
1998,2,4,22,45,.51,01,-.25,01,-.25,01,9900.00,99,9900.00,99
1998,2,4,22,50,.59,01,-.14,01,-.23,01,9900.00,99,9900.00,99
1998,2,4,22,55,.58,01,-.08,01,-.21,01,9900.00,99,9900.00,99
1998,2,4,23,0,.59,01,-.06,01,-.19,01,9900.00,99,9900.00,99
1998,2,4,23,5,.61,01,-.13,01,-.28,01,9900.00,99,9900.00,99
1998,2,4,23,10,.49,01,-.15,01,-.25,01,9900.00,99,9900.00,99
1998,2,4,23,15,.54,01,-.35,01,-.25,01,9900.00,99,9900.00,99
1998,2,4,23,20,.48,01,-.32,01,-.31,01,9900.00,99,9900.00,99
1998,2,4,23,25,.45,01,-.28,01,-.36,01,9900.00,99,9900.00,99
1998,2,4,23,30,.23,01,-.29,01,-.49,01,9900.00,99,9900.00,99
1998,2,4,23,35,.13,01,-.37,01,-.55,01,9900.00,99,9900.00,99
1998,2,4,23,40,.29,01,-.30,01,-.38,01,9900.00,99,9900.00,99
1998,2,4,23,45,.09,01,-.36,01,-.54,01,9900.00,99,9900.00,99
1998,2,4,23,50,.03,01,-.41,01,-.71,01,9900.00,99,9900.00,99
1998,2,4,23,55,.01,01,-.34,01,-.81,01,9900.00,99,9900.00,99
1998,2,5,0,0,0.00,01,-.27,01,-.79,01,9900.00,99,9900.00,99
1998,2,5,0,5,-.02,01,-.32,01,-.80,01,9900.00,99,9900.00,99
1998,2,5,0,10,-.05,01,-.37,01,-.83,01,9900.00,99,9900.00,99
1998,2,5,0,15,-.01,01,-.32,01,-.82,01,9900.00,99,9900.00,99
1998,2,5,0,20,.05,01,-.25,01,-.72,01,9900.00,99,9900.00,99
1998,2,5,0,25,.07,01,-.19,01,-.55,01,9900.00,99,9900.00,99
1998,2,5,0,30,.09,01,-.08,01,-.58,01,9900.00,99,9900.00,99
1998,2,5,0,35,.07,01,-.12,01,-.63,01,9900.00,99,9900.00,99
1998,2,5,0,40,.19,01,-.14,01,-.48,01,9900.00,99,9900.00,99
1998,2,5,0,45,.60,01,-.10,01,-.13,01,9900.00,99,9900.00,99
1998,2,5,0,50,.62,01,-.04,01,-.16,01,9900.00,99,9900.00,99
1998,2,5,0,55,.69,01,0.00,01,-.09,01,9900.00,99,9900.00,99
1998,2,5,1,0,.69,01,-.02,01,-.09,01,9900.00,99,9900.00,99
1998,2,5,1,5,.66,01,-.05,01,-.06,01,9900.00,99,9900.00,99
1998,2,5,1,10,.72,01,-.08,01,-.05,01,9900.00,99,9900.00,99
1998,2,5,1,15,.70,01,-.08,01,-.03,01,9900.00,99,9900.00,99
1998,2,5,1,20,.68,01,-.13,01,-.01,01,9900.00,99,9900.00,99
1998,2,5,1,25,.70,01,-.05,01,-.01,01,9900.00,99,9900.00,99
1998,2,5,1,30,.75,01,-.15,01,0.00,01,9900.00,99,9900.00,99
1998,2,5,1,35,.72,01,-.10,01,0.00,01,9900.00,99,9900.00,99
1998,2,5,1,40,.74,01,-.15,01,0.00,01,9900.00,99,9900.00,99
1998,2,5,1,45,.76,01,-.23,01,0.00,01,9900.00,99,9900.00,99
1998,2,5,1,50,.74,01,-.21,01,0.00,01,9900.00,99,9900.00,99
1998,2,5,1,55,.76,01,-.22,01,0.00,01,9900.00,99,9900.00,99
1998,2,5,2,0,.79,01,-.29,01,0.00,01,9900.00,99,9900.00,99
1998,2,5,2,5,.87,01,-.41,01,0.00,01,9900.00,99,9900.00,99
1998,2,5,2,10,.78,01,-.26,01,0.00,01,9900.00,99,9900.00,99
1998,2,5,2,15,.81,01,-.33,01,0.00,01,9900.00,99,9900.00,99
1998,2,5,2,20,.84,01,-.46,01,0.00,01,9900.00,99,9900.00,99
1998,2,5,2,25,.95,01,-.42,01,0.00,01,9900.00,99,9900.00,99
1998,2,5,2,30,.96,01,-.33,01,.01,01,9900.00,99,9900.00,99
1998,2,5,2,35,1.07,01,-.33,01,.03,01,9900.00,99,9900.00,99
1998,2,5,2,40,1.09,01,-.55,01,.10,01,9900.00,99,9900.00,99
1998,2,5,2,45,1.12,01,-.50,01,.09,01,9900.00,99,9900.00,99
1998,2,5,2,50,1.07,01,-.48,01,.16,01,9900.00,99,9900.00,99
1998,2,5,2,55,.88,01,-.48,01,.07,01,9900.00,99,9900.00,99
1998,2,5,3,0,.71,01,-.50,01,0.00,01,9900.00,99,9900.00,99
1998,2,5,3,5,.75,01,-.44,01,.01,01,9900.00,99,9900.00,99
1998,2,5,3,10,.90,01,-.42,01,.12,01,9900.00,99,9900.00,99
1998,2,5,3,15,1.17,01,-.47,01,.35,01,9900.00,99,9900.00,99
1998,2,5,3,20,1.23,01,-.61,01,.49,01,9900.00,99,9900.00,99
1998,2,5,3,25,1.25,01,-.55,01,.44,01,9900.00,99,9900.00,99
1998,2,5,3,30,1.01,01,-.64,01,.25,01,9900.00,99,9900.00,99
1998,2,5,3,35,.73,01,-.64,01,.04,01,9900.00,99,9900.00,99
1998,2,5,3,40,.38,01,-.53,01,-.23,01,9900.00,99,9900.00,99
1998,2,5,3,45,.44,01,-.51,01,-.18,01,9900.00,99,9900.00,99
1998,2,5,3,50,.73,01,-.47,01,0.00,01,9900.00,99,9900.00,99
1998,2,5,3,55,.77,01,-.44,01,0.00,01,9900.00,99,9900.00,99
1998,2,5,4,0,.91,01,-.55,01,.13,01,9900.00,99,9900.00,99
1998,2,5,4,5,1.23,01,-.56,01,.55,01,9900.00,99,9900.00,99
1998,2,5,4,10,.98,01,-.51,01,.04,01,9900.00,99,9900.00,99
1998,2,5,4,15,1.19,01,-.64,01,.41,01,9900.00,99,9900.00,99
1998,2,5,4,20,1.25,01,-.59,01,.47,01,9900.00,99,9900.00,99
1998,2,5,4,25,1.29,01,-.59,01,.64,01,9900.00,99,9900.00,99
1998,2,5,4,30,1.15,01,-.53,01,.38,01,9900.00,99,9900.00,99
1998,2,5,4,35,1.07,01,-.71,01,.24,01,9900.00,99,9900.00,99
1998,2,5,4,40,1.12,01,-.60,01,.29,01,9900.00,99,9900.00,99
1998,2,5,4,45,.71,01,-.51,01,0.00,01,9900.00,99,9900.00,99
1998,2,5,4,50,.73,01,-.53,01,0.00,01,9900.00,99,9900.00,99
1998,2,5,4,55,.89,01,-.53,01,.03,01,9900.00,99,9900.00,99
1998,2,5,5,0,1.08,01,-.55,01,.30,01,9900.00,99,9900.00,99
1998,2,5,5,5,.88,01,-.59,01,.08,01,9900.00,99,9900.00,99
1998,2,5,5,10,1.26,01,-.73,01,.61,01,9900.00,99,9900.00,99
1998,2,5,5,15,1.41,01,-.68,01,.79,01,9900.00,99,9900.00,99
1998,2,5,5,20,1.15,01,-.57,01,.33,01,9900.00,99,9900.00,99
1998,2,5,5,25,.77,01,-.64,01,0.00,01,9900.00,99,9900.00,99
1998,2,5,5,30,.70,01,-.59,01,-.01,01,9900.00,99,9900.00,99
1998,2,5,5,35,.44,01,-.55,01,-.25,01,9900.00,99,9900.00,99
1998,2,5,5,40,.03,01,-.51,01,-.77,01,9900.00,99,9900.00,99
1998,2,5,5,45,.07,01,-.43,01,-.76,01,9900.00,99,9900.00,99
1998,2,5,5,50,.18,01,-.44,01,-.62,01,9900.00,99,9900.00,99
1998,2,5,5,55,.24,01,-.42,01,-.50,01,9900.00,99,9900.00,99
1998,2,5,6,0,.52,01,-.40,01,-.21,01,9900.00,99,9900.00,99
1998,2,5,6,5,.60,01,-.42,01,-.06,01,9900.00,99,9900.00,99
1998,2,5,6,10,.46,01,-.35,01,-.19,01,9900.00,99,9900.00,99
1998,2,5,6,15,.56,01,-.43,01,-.15,01,9900.00,99,9900.00,99
1998,2,5,6,20,1.21,01,-.65,01,.55,01,9900.00,99,9900.00,99
1998,2,5,6,25,1.49,01,-.73,01,.89,01,9900.00,99,9900.00,99
1998,2,5,6,30,1.51,01,-.68,01,.88,01,9900.00,99,9900.00,99
1998,2,5,6,35,.91,01,-.65,01,.20,01,9900.00,99,9900.00,99
1998,2,5,6,40,.23,01,-.60,01,-.56,01,9900.00,99,9900.00,99
1998,2,5,6,45,.05,01,-.49,01,-.78,01,9900.00,99,9900.00,99
1998,2,5,6,50,.02,01,-.49,01,-.79,01,9900.00,99,9900.00,99
1998,2,5,6,55,.02,01,-.39,01,-.79,01,9900.00,99,9900.00,99
1998,2,5,7,0,.06,01,-.39,01,-.76,01,9900.00,99,9900.00,99
1998,2,5,7,5,.07,01,-.30,01,-.77,01,9900.00,99,9900.00,99
1998,2,5,7,10,.10,01,-.29,01,-.60,01,9900.00,99,9900.00,99
1998,2,5,7,15,.32,01,-.26,01,-.21,01,9900.00,99,9900.00,99
1998,2,5,7,20,.70,01,-.32,01,0.00,01,9900.00,99,9900.00,99
1998,2,5,7,25,1.05,01,-.34,01,.42,01,9900.00,99,9900.00,99
1998,2,5,7,30,1.82,01,-.32,01,1.17,01,9900.00,99,9900.00,99
1998,2,5,7,35,3.01,01,-.34,01,2.71,01,9900.00,99,9900.00,99
1998,2,5,7,40,4.22,01,-.35,01,3.79,01,9900.00,99,9900.00,99
1998,2,5,7,45,5.69,01,-.26,01,5.27,01,9900.00,99,9900.00,99
1998,2,5,7,50,7.65,01,-.29,01,7.60,01,9900.00,99,9900.00,99
1998,2,5,7,55,9.14,01,-.28,01,8.45,01,9900.00,99,9900.00,99
1998,2,5,8,0,10.52,01,-.39,01,9.57,01,9900.00,99,9900.00,99
1998,2,5,8,5,12.70,01,-.39,01,11.51,01,9900.00,99,9900.00,99
1998,2,5,8,10,14.20,01,-.50,01,13.19,01,9900.00,99,9900.00,99
1998,2,5,8,15,14.43,01,-.50,01,13.53,01,9900.00,99,9900.00,99
1998,2,5,8,20,15.65,01,-.53,01,14.55,01,9900.00,99,9900.00,99
1998,2,5,8,25,17.45,01,-.55,01,16.13,01,9900.00,99,9900.00,99
1998,2,5,8,30,20.27,09,-.59,09,18.93,09,9900.00,99,9900.00,99
1998,2,5,8,35,25.20,03,-.73,03,23.58,03,9900.00,99,9900.00,99
1998,2,5,8,40,28.91,03,-.74,03,27.25,03,9900.00,99,9900.00,99
1998,2,5,8,45,30.34,03,-.73,03,28.51,03,9900.00,99,9900.00,99
1998,2,5,8,50,24.79,09,-.73,09,23.12,09,9900.00,99,9900.00,99
1998,2,5,8,55,25.49,09,-.69,09,24.03,09,9900.00,99,9900.00,99
1998,2,5,9,0,33.75,03,-.64,03,32.08,03,9900.00,99,9900.00,99
1998,2,5,9,5,43.94,03,-.72,03,41.92,03,9900.00,99,9900.00,99
1998,2,5,9,10,53.73,03,-.67,03,51.37,03,9900.00,99,9900.00,99
1998,2,5,9,15,60.90,03,-.58,03,58.26,03,9900.00,99,9900.00,99
1998,2,5,9,20,66.75,03,-.48,03,63.93,03,9900.00,99,9900.00,99
1998,2,5,9,25,71.84,03,-.34,03,69.06,03,9900.00,99,9900.00,99
1998,2,5,9,30,85.51,03,-.21,03,82.33,03,9900.00,99,9900.00,99
1998,2,5,9,35,87.63,03,-.09,03,84.16,03,9900.00,99,9900.00,99
1998,2,5,9,40,85.56,03,-.08,03,82.41,03,9900.00,99,9900.00,99
1998,2,5,9,45,82.96,03,-.08,03,79.98,03,9900.00,99,9900.00,99
1998,2,5,9,50,75.84,03,-.09,03,72.78,03,9900.00,99,9900.00,99
1998,2,5,9,55,90.02,03,-.04,03,86.40,03,9900.00,99,9900.00,99
1998,2,5,10,0,87.27,03,-.05,03,84.09,03,9900.00,99,9900.00,99
1998,2,5,10,5,86.48,03,-.08,03,83.70,03,9900.00,99,9900.00,99
1998,2,5,10,10,88.53,03,-.05,03,85.72,03,9900.00,99,9900.00,99
1998,2,5,10,15,82.75,03,-.06,03,79.95,03,9900.00,99,9900.00,99
1998,2,5,10,20,76.92,03,-.06,03,74.16,03,9900.00,99,9900.00,99
1998,2,5,10,25,77.50,03,-.05,03,74.64,03,9900.00,99,9900.00,99
1998,2,5,10,30,83.75,03,-.01,03,80.70,03,9900.00,99,9900.00,99
1998,2,5,10,35,92.64,03,-.01,03,88.77,03,9900.00,99,9900.00,99
1998,2,5,10,40,91.57,03,-.04,03,88.22,03,9900.00,99,9900.00,99
1998,2,5,10,45,85.94,03,-.01,03,82.59,03,9900.00,99,9900.00,99
1998,2,5,10,50,84.95,03,-.01,03,82.06,03,9900.00,99,9900.00,99
1998,2,5,10,55,85.00,03,-.01,03,82.08,03,9900.00,99,9900.00,99
1998,2,5,11,0,81.90,03,-.04,03,79.25,03,9900.00,99,9900.00,99
1998,2,5,11,5,87.71,03,-.01,03,84.53,03,9900.00,99,9900.00,99
1998,2,5,11,10,91.43,03,0.00,03,88.25,03,9900.00,99,9900.00,99
1998,2,5,11,15,99.30,03,0.00,03,95.57,03,9900.00,99,9900.00,99
1998,2,5,11,20,96.18,03,-.01,03,92.80,03,9900.00,99,9900.00,99
1998,2,5,11,25,103.12,03,0.00,03,98.88,03,9900.00,99,9900.00,99
1998,2,5,11,30,110.94,03,0.00,03,106.69,03,9900.00,99,9900.00,99
1998,2,5,11,35,111.28,03,-.01,03,107.04,03,9900.00,99,9900.00,99
1998,2,5,11,40,136.17,03,0.00,03,131.05,03,9900.00,99,9900.00,99
1998,2,5,11,45,131.52,03,0.00,03,126.67,03,9900.00,99,9900.00,99
1998,2,5,11,50,117.49,03,-.01,03,112.36,03,9900.00,99,9900.00,99
1998,2,5,11,55,117.70,03,-.01,03,113.03,03,9900.00,99,9900.00,99
1998,2,5,12,0,121.09,03,-.02,03,115.63,03,9900.00,99,9900.00,99
1998,2,5,12,5,123.58,03,-.06,03,117.19,03,9900.00,99,9900.00,99
1998,2,5,12,10,130.93,03,-.01,03,123.01,03,9900.00,99,9900.00,99
1998,2,5,12,15,149.45,03,0.00,03,139.47,03,9900.00,99,9900.00,99
1998,2,5,12,20,147.60,03,-.03,03,138.12,03,9900.00,99,9900.00,99
1998,2,5,12,25,153.58,03,-.01,03,142.54,03,9900.00,99,9900.00,99
1998,2,5,12,30,173.11,03,-.12,03,161.68,03,9900.00,99,9900.00,99
1998,2,5,12,35,173.14,03,-.21,03,162.44,03,9900.00,99,9900.00,99
1998,2,5,12,40,168.75,03,-.46,03,157.46,03,9900.00,99,9900.00,99
1998,2,5,12,45,154.65,03,-.16,03,142.57,03,9900.00,99,9900.00,99
1998,2,5,12,50,148.31,03,-.18,03,138.04,03,9900.00,99,9900.00,99
1998,2,5,12,55,157.64,03,-.55,03,148.17,03,9900.00,99,9900.00,99
1998,2,5,13,0,162.46,03,-1.05,03,153.17,03,9900.00,99,9900.00,99
1998,2,5,13,5,138.49,03,-1.53,03,129.37,03,9900.00,99,9900.00,99
1998,2,5,13,10,134.43,03,-1.88,03,124.82,03,9900.00,99,9900.00,99
1998,2,5,13,15,127.63,03,-1.69,03,117.87,03,9900.00,99,9900.00,99
1998,2,5,13,20,141.47,03,-2.30,03,130.48,03,9900.00,99,9900.00,99
1998,2,5,13,25,141.60,03,-2.71,03,131.02,03,9900.00,99,9900.00,99
1998,2,5,13,30,129.25,03,-2.16,03,119.26,03,9900.00,99,9900.00,99
1998,2,5,13,35,138.55,03,-1.73,03,126.68,03,9900.00,99,9900.00,99
1998,2,5,13,40,134.98,03,-1.58,03,122.93,03,9900.00,99,9900.00,99
1998,2,5,13,45,137.56,03,-1.63,03,124.34,03,9900.00,99,9900.00,99
1998,2,5,13,50,123.28,03,-1.58,03,111.16,03,9900.00,99,9900.00,99
1998,2,5,13,55,119.98,03,-1.73,03,108.49,03,9900.00,99,9900.00,99
1998,2,5,14,0,109.48,03,-1.51,03,98.95,03,9900.00,99,9900.00,99
1998,2,5,14,5,90.52,03,-1.33,03,81.16,03,9900.00,99,9900.00,99
1998,2,5,14,10,97.98,03,-1.09,03,97.86,03,9900.00,99,9900.00,99
1998,2,5,14,15,90.86,03,-.93,03,90.43,03,9900.00,99,9900.00,99
1998,2,5,14,20,80.78,03,-.77,03,72.74,03,9900.00,99,9900.00,99
1998,2,5,14,25,78.51,03,-.72,03,70.37,03,9900.00,99,9900.00,99
1998,2,5,14,30,70.73,03,-.08,03,70.50,03,9900.00,99,9900.00,99
1998,2,5,14,35,67.02,03,-.19,03,60.09,03,9900.00,99,9900.00,99
1998,2,5,14,40,64.62,03,-.19,03,64.51,03,9900.00,99,9900.00,99
1998,2,5,14,45,70.58,03,-.28,03,63.87,03,9900.00,99,9900.00,99
1998,2,5,14,50,63.37,03,-.22,03,57.30,03,9900.00,99,9900.00,99
1998,2,5,14,55,64.44,03,-.25,03,58.62,03,9900.00,99,9900.00,99
1998,2,5,15,0,62.01,03,-.28,03,56.84,03,9900.00,99,9900.00,99
1998,2,5,15,5,58.36,03,-.23,03,53.42,03,9900.00,99,9900.00,99
1998,2,5,15,10,73.31,03,-.26,03,67.77,03,9900.00,99,9900.00,99
1998,2,5,15,15,75.56,03,-.14,03,69.95,03,9900.00,99,9900.00,99
1998,2,5,15,20,71.14,03,-.21,03,65.59,03,9900.00,99,9900.00,99
1998,2,5,15,25,69.34,03,-.22,03,63.95,03,9900.00,99,9900.00,99
1998,2,5,15,30,70.38,03,-.26,03,64.71,03,9900.00,99,9900.00,99
1998,2,5,15,35,59.37,03,-.15,03,54.70,03,9900.00,99,9900.00,99
1998,2,5,15,40,57.79,03,-.26,03,53.18,03,9900.00,99,9900.00,99
1998,2,5,15,45,62.73,03,-.26,03,58.06,03,9900.00,99,9900.00,99
1998,2,5,15,50,62.06,03,-.21,03,57.54,03,9900.00,99,9900.00,99
1998,2,5,15,55,60.57,03,-.07,03,56.51,03,9900.00,99,9900.00,99
1998,2,5,16,0,55.10,03,-.19,03,51.56,03,9900.00,99,9900.00,99
1998,2,5,16,5,45.29,03,-.59,03,41.95,03,9900.00,99,9900.00,99
1998,2,5,16,10,45.15,03,-.77,03,41.62,03,9900.00,99,9900.00,99
1998,2,5,16,15,40.86,03,-.78,03,37.49,03,9900.00,99,9900.00,99
1998,2,5,16,20,42.80,03,-.79,03,39.57,03,9900.00,99,9900.00,99
1998,2,5,16,25,37.12,03,-.78,03,34.36,03,9900.00,99,9900.00,99
1998,2,5,16,30,37.40,03,-.77,03,34.65,03,9900.00,99,9900.00,99
1998,2,5,16,35,37.73,03,-.77,03,35.02,03,9900.00,99,9900.00,99
1998,2,5,16,40,33.23,03,-.72,03,30.52,03,9900.00,99,9900.00,99
1998,2,5,16,45,25.21,03,-.66,03,23.26,03,9900.00,99,9900.00,99
1998,2,5,16,50,22.11,09,-.53,09,20.16,09,9900.00,99,9900.00,99
1998,2,5,16,55,22.74,01,-.52,01,20.95,01,9900.00,99,9900.00,99
1998,2,5,17,0,21.05,01,-.42,01,19.47,01,9900.00,99,9900.00,99
1998,2,5,17,5,17.04,01,-.50,01,15.84,01,9900.00,99,9900.00,99
1998,2,5,17,10,14.61,01,-.52,01,13.59,01,9900.00,99,9900.00,99
1998,2,5,17,15,11.32,01,-.59,01,10.23,01,9900.00,99,9900.00,99
1998,2,5,17,20,8.17,01,-.66,01,8.08,01,9900.00,99,9900.00,99
1998,2,5,17,25,7.56,01,-.71,01,7.48,01,9900.00,99,9900.00,99
1998,2,5,17,30,6.43,01,-.71,01,6.22,01,9900.00,99,9900.00,99
1998,2,5,17,35,5.86,01,-.68,01,5.39,01,9900.00,99,9900.00,99
1998,2,5,17,40,4.70,01,-.60,01,3.93,01,9900.00,99,9900.00,99
1998,2,5,17,45,3.66,01,-.64,01,3.15,01,9900.00,99,9900.00,99
1998,2,5,17,50,2.36,01,-.61,01,1.44,01,9900.00,99,9900.00,99
1998,2,5,17,55,1.25,01,-.64,01,.25,01,9900.00,99,9900.00,99
1998,2,5,18,0,.82,01,-.66,01,-.01,01,9900.00,99,9900.00,99
1998,2,5,18,5,.51,01,-.66,01,-.70,01,9900.00,99,9900.00,99
1998,2,5,18,10,.12,01,-.68,01,-.85,01,9900.00,99,9900.00,99
1998,2,5,18,15,.03,01,-.69,01,-.89,01,9900.00,99,9900.00,99
1998,2,5,18,20,.02,01,-.62,01,-1.01,01,9900.00,99,9900.00,99
1998,2,5,18,25,.01,01,-.59,01,-1.02,01,9900.00,99,9900.00,99
1998,2,5,18,30,.01,01,-.55,01,-.99,01,9900.00,99,9900.00,99
1998,2,5,18,35,-.03,01,-.64,01,-.93,01,9900.00,99,9900.00,99
1998,2,5,18,40,-.05,01,-.66,01,-1.03,01,9900.00,99,9900.00,99
1998,2,5,18,45,-.19,01,-.68,01,-1.10,01,9900.00,99,9900.00,99
1998,2,5,18,50,-.18,01,-.65,01,-1.05,01,9900.00,99,9900.00,99
1998,2,5,18,55,-.10,01,-.57,01,-1.00,01,9900.00,99,9900.00,99
1998,2,5,19,0,-.04,01,-.53,01,-.93,01,9900.00,99,9900.00,99
1998,2,5,19,5,-.05,01,-.57,01,-.93,01,9900.00,99,9900.00,99
1998,2,5,19,10,-.07,01,-.59,01,-.93,01,9900.00,99,9900.00,99
1998,2,5,19,15,-.04,01,-.59,01,-.96,01,9900.00,99,9900.00,99
1998,2,5,19,20,-.03,01,-.56,01,-.90,01,9900.00,99,9900.00,99
1998,2,5,19,25,-.05,01,-.61,01,-.83,01,9900.00,99,9900.00,99
1998,2,5,19,30,-.02,01,-.64,01,-.89,01,9900.00,99,9900.00,99
1998,2,5,19,35,-.02,01,-.61,01,-.91,01,9900.00,99,9900.00,99
1998,2,5,19,40,-.06,01,-.60,01,-.88,01,9900.00,99,9900.00,99
1998,2,5,19,45,-.06,01,-.58,01,-.85,01,9900.00,99,9900.00,99
1998,2,5,19,50,-.01,01,-.57,01,-.86,01,9900.00,99,9900.00,99
1998,2,5,19,55,-.04,01,-.57,01,-.83,01,9900.00,99,9900.00,99
1998,2,5,20,0,-.02,01,-.59,01,-.83,01,9900.00,99,9900.00,99
1998,2,5,20,5,-.01,01,-.51,01,-.83,01,9900.00,99,9900.00,99
1998,2,5,20,10,-.04,01,-.61,01,-.83,01,9900.00,99,9900.00,99
1998,2,5,20,15,-.06,01,-.60,01,-.83,01,9900.00,99,9900.00,99
1998,2,5,20,20,-.01,01,-.60,01,-.83,01,9900.00,99,9900.00,99
1998,2,5,20,25,-.04,01,-.62,01,-.79,01,9900.00,99,9900.00,99
1998,2,5,20,30,-.02,01,-.61,01,-.79,01,9900.00,99,9900.00,99
1998,2,5,20,35,-.01,01,-.56,01,-.82,01,9900.00,99,9900.00,99
1998,2,5,20,40,-.02,01,-.59,01,-.81,01,9900.00,99,9900.00,99
1998,2,5,20,45,-.03,01,-.60,01,-.79,01,9900.00,99,9900.00,99
1998,2,5,20,50,-.02,01,-.66,01,-.79,01,9900.00,99,9900.00,99
1998,2,5,20,55,-.03,01,-.64,01,-.80,01,9900.00,99,9900.00,99
1998,2,5,21,0,-.01,01,-.58,01,-.84,01,9900.00,99,9900.00,99
1998,2,5,21,5,-.02,01,-.58,01,-.80,01,9900.00,99,9900.00,99
1998,2,5,21,10,-.04,01,-.59,01,-.80,01,9900.00,99,9900.00,99
1998,2,5,21,15,-.02,01,-.62,01,-.79,01,9900.00,99,9900.00,99
1998,2,5,21,20,-.02,01,-.62,01,-.81,01,9900.00,99,9900.00,99
1998,2,5,21,25,-.02,01,-.61,01,-.79,01,9900.00,99,9900.00,99
1998,2,5,21,30,-.01,01,-.63,01,-.79,01,9900.00,99,9900.00,99
1998,2,5,21,35,-.02,01,-.60,01,-.80,01,9900.00,99,9900.00,99
1998,2,5,21,40,-.01,01,-.64,01,-.79,01,9900.00,99,9900.00,99
1998,2,5,21,45,-.02,01,-.59,01,-.79,01,9900.00,99,9900.00,99
1998,2,5,21,50,-.03,01,-.62,01,-.79,01,9900.00,99,9900.00,99
1998,2,5,21,55,-.06,01,-.66,01,-.81,01,9900.00,99,9900.00,99
1998,2,5,22,0,-.05,01,-.68,01,-.81,01,9900.00,99,9900.00,99
1998,2,5,22,5,-.06,01,-.71,01,-.81,01,9900.00,99,9900.00,99
1998,2,5,22,10,-.05,01,-.60,01,-.88,01,9900.00,99,9900.00,99
1998,2,5,22,15,-.05,01,-.64,01,-.89,01,9900.00,99,9900.00,99
1998,2,5,22,20,-.04,01,-.65,01,-.85,01,9900.00,99,9900.00,99
1998,2,5,22,25,-.05,01,-.64,01,-.85,01,9900.00,99,9900.00,99
1998,2,5,22,30,-.02,01,-.71,01,-.82,01,9900.00,99,9900.00,99
1998,2,5,22,35,-.04,01,-.57,01,-.83,01,9900.00,99,9900.00,99
1998,2,5,22,40,-.02,01,-.60,01,-.79,01,9900.00,99,9900.00,99
1998,2,5,22,45,-.04,01,-.66,01,-.81,01,9900.00,99,9900.00,99
1998,2,5,22,50,-.06,01,-.71,01,-.80,01,9900.00,99,9900.00,99
1998,2,5,22,55,-.02,01,-.64,01,-.84,01,9900.00,99,9900.00,99
1998,2,5,23,0,-.05,01,-.69,01,-.82,01,9900.00,99,9900.00,99
1998,2,5,23,5,-.08,01,-.66,01,-.83,01,9900.00,99,9900.00,99
1998,2,5,23,10,-.04,01,-.65,01,-.81,01,9900.00,99,9900.00,99
1998,2,5,23,15,-.02,01,-.64,01,-.81,01,9900.00,99,9900.00,99
1998,2,5,23,20,-.02,01,-.56,01,-.79,01,9900.00,99,9900.00,99
1998,2,5,23,25,-.02,01,-.58,01,-.79,01,9900.00,99,9900.00,99
1998,2,5,23,30,0.00,01,-.56,01,-.78,01,9900.00,99,9900.00,99
1998,2,5,23,35,.06,01,-.56,01,-.74,01,9900.00,99,9900.00,99
1998,2,5,23,40,-.01,01,-.63,01,-.79,01,9900.00,99,9900.00,99
1998,2,5,23,45,-.01,01,-.62,01,-.79,01,9900.00,99,9900.00,99
1998,2,5,23,50,-.04,01,-.63,01,-.79,01,9900.00,99,9900.00,99
1998,2,5,23,55,-.03,01,-.67,01,-.81,01,9900.00,99,9900.00,99
1998,2,6,0,0,-.01,01,-.59,01,-.80,01,9900.00,99,9900.00,99
1998,2,6,0,5,-.03,01,-.59,01,-.86,01,9900.00,99,9900.00,99
1998,2,6,0,10,.01,01,-.57,01,-.79,01,9900.00,99,9900.00,99
1998,2,6,0,15,.10,01,-.50,01,-.72,01,9900.00,99,9900.00,99
1998,2,6,0,20,.41,01,-.35,01,-.29,01,9900.00,99,9900.00,99
1998,2,6,0,25,.75,01,-.24,01,-.04,01,9900.00,99,9900.00,99
1998,2,6,0,30,1.46,01,-.09,01,.57,01,9900.00,99,9900.00,99
1998,2,6,0,35,2.19,01,0.00,01,1.35,01,9900.00,99,9900.00,99
1998,2,6,0,40,1.76,01,-.05,01,1.16,01,9900.00,99,9900.00,99
1998,2,6,0,45,1.07,01,-.23,01,.62,01,9900.00,99,9900.00,99
1998,2,6,0,50,.78,01,-.33,01,.04,01,9900.00,99,9900.00,99
1998,2,6,0,55,.67,01,-.49,01,-.01,01,9900.00,99,9900.00,99
1998,2,6,1,0,.44,01,-.46,01,-.23,01,9900.00,99,9900.00,99
1998,2,6,1,5,.15,01,-.55,01,-.52,01,9900.00,99,9900.00,99
1998,2,6,1,10,.07,01,-.53,01,-.57,01,9900.00,99,9900.00,99
1998,2,6,1,15,.03,01,-.50,01,-.77,01,9900.00,99,9900.00,99
1998,2,6,1,20,.05,01,-.48,01,-.74,01,9900.00,99,9900.00,99
1998,2,6,1,25,0.00,01,-.54,01,-.78,01,9900.00,99,9900.00,99
1998,2,6,1,30,.01,01,-.51,01,-.79,01,9900.00,99,9900.00,99
1998,2,6,1,35,.02,01,-.51,01,-.79,01,9900.00,99,9900.00,99
1998,2,6,1,40,0.00,01,-.53,01,-.81,01,9900.00,99,9900.00,99
1998,2,6,1,45,-.01,01,-.57,01,-.80,01,9900.00,99,9900.00,99
1998,2,6,1,50,-.02,01,-.59,01,-.81,01,9900.00,99,9900.00,99
1998,2,6,1,55,-.02,01,-.64,01,-.80,01,9900.00,99,9900.00,99
1998,2,6,2,0,-.03,01,-.60,01,-.81,01,9900.00,99,9900.00,99
1998,2,6,2,5,.01,01,-.52,01,-.83,01,9900.00,99,9900.00,99
1998,2,6,2,10,.01,01,-.51,01,-.81,01,9900.00,99,9900.00,99
1998,2,6,2,15,0.00,01,-.48,01,-.79,01,9900.00,99,9900.00,99
1998,2,6,2,20,.01,01,-.46,01,-.80,01,9900.00,99,9900.00,99
1998,2,6,2,25,0.00,01,-.48,01,-.79,01,9900.00,99,9900.00,99
1998,2,6,2,30,.03,01,-.50,01,-.79,01,9900.00,99,9900.00,99
1998,2,6,2,35,0.00,01,-.54,01,-.79,01,9900.00,99,9900.00,99
1998,2,6,2,40,-.01,01,-.60,01,-.79,01,9900.00,99,9900.00,99
1998,2,6,2,45,-.05,01,-.60,01,-.83,01,9900.00,99,9900.00,99
1998,2,6,2,50,-.01,01,-.63,01,-.81,01,9900.00,99,9900.00,99
1998,2,6,2,55,-.02,01,-.54,01,-.81,01,9900.00,99,9900.00,99
1998,2,6,3,0,-.01,01,-.59,01,-.79,01,9900.00,99,9900.00,99
1998,2,6,3,5,-.02,01,-.57,01,-.79,01,9900.00,99,9900.00,99
1998,2,6,3,10,-.01,01,-.60,01,-.79,01,9900.00,99,9900.00,99
1998,2,6,3,15,-.01,01,-.53,01,-.79,01,9900.00,99,9900.00,99
1998,2,6,3,20,-.01,01,-.51,01,-.79,01,9900.00,99,9900.00,99
1998,2,6,3,25,0.00,01,-.52,01,-.81,01,9900.00,99,9900.00,99
1998,2,6,3,30,-.01,01,-.55,01,-.80,01,9900.00,99,9900.00,99
1998,2,6,3,35,-.03,01,-.58,01,-.79,01,9900.00,99,9900.00,99
1998,2,6,3,40,-.01,01,-.46,01,-.81,01,9900.00,99,9900.00,99
1998,2,6,3,45,-.04,01,-.42,01,-.80,01,9900.00,99,9900.00,99
1998,2,6,3,50,-.01,01,-.46,01,-.80,01,9900.00,99,9900.00,99
1998,2,6,3,55,.01,01,-.40,01,-.80,01,9900.00,99,9900.00,99
1998,2,6,4,0,.02,01,-.41,01,-.79,01,9900.00,99,9900.00,99
1998,2,6,4,5,.01,01,-.48,01,-.79,01,9900.00,99,9900.00,99
1998,2,6,4,10,.02,01,-.48,01,-.79,01,9900.00,99,9900.00,99
1998,2,6,4,15,-.01,01,-.53,01,-.79,01,9900.00,99,9900.00,99
1998,2,6,4,20,0.00,01,-.55,01,-.79,01,9900.00,99,9900.00,99
1998,2,6,4,25,-.02,01,-.53,01,-.79,01,9900.00,99,9900.00,99
1998,2,6,4,30,-.01,01,-.54,01,-.79,01,9900.00,99,9900.00,99
1998,2,6,4,35,.02,01,-.46,01,-.79,01,9900.00,99,9900.00,99
1998,2,6,4,40,0.00,01,-.48,01,-.78,01,9900.00,99,9900.00,99
1998,2,6,4,45,.02,01,-.48,01,-.78,01,9900.00,99,9900.00,99
1998,2,6,4,50,.02,01,-.48,01,-.75,01,9900.00,99,9900.00,99
1998,2,6,4,55,.02,01,-.56,01,-.78,01,9900.00,99,9900.00,99
1998,2,6,5,0,.01,01,-.55,01,-.78,01,9900.00,99,9900.00,99
1998,2,6,5,5,-.01,01,-.66,01,-.78,01,9900.00,99,9900.00,99
1998,2,6,5,10,0.00,01,-.54,01,-.78,01,9900.00,99,9900.00,99
1998,2,6,5,15,.07,01,-.47,01,-.73,01,9900.00,99,9900.00,99
1998,2,6,5,20,.14,01,-.41,01,-.63,01,9900.00,99,9900.00,99
1998,2,6,5,25,.18,01,-.41,01,-.51,01,9900.00,99,9900.00,99
1998,2,6,5,30,.42,01,-.44,01,-.41,01,9900.00,99,9900.00,99
1998,2,6,5,35,.59,01,-.48,01,-.30,01,9900.00,99,9900.00,99
1998,2,6,5,40,.65,01,-.56,01,-.17,01,9900.00,99,9900.00,99
1998,2,6,5,45,.67,01,-.64,01,-.03,01,9900.00,99,9900.00,99
1998,2,6,5,50,.78,01,-.64,01,0.00,01,9900.00,99,9900.00,99
1998,2,6,5,55,1.06,01,-.60,01,.01,01,9900.00,99,9900.00,99
1998,2,6,6,0,1.07,01,-.63,01,.02,01,9900.00,99,9900.00,99
1998,2,6,6,5,1.11,01,-.67,01,.16,01,9900.00,99,9900.00,99
1998,2,6,6,10,1.47,01,-.62,01,.59,01,9900.00,99,9900.00,99
1998,2,6,6,15,2.15,01,-.38,01,1.15,01,9900.00,99,9900.00,99
1998,2,6,6,20,2.21,01,-.35,01,1.33,01,9900.00,99,9900.00,99
1998,2,6,6,25,2.13,01,-.59,01,1.26,01,9900.00,99,9900.00,99
1998,2,6,6,30,1.72,01,-.71,01,1.07,01,9900.00,99,9900.00,99
1998,2,6,6,35,1.47,01,-.72,01,.82,01,9900.00,99,9900.00,99
1998,2,6,6,40,1.57,01,-.73,01,.77,01,9900.00,99,9900.00,99
1998,2,6,6,45,1.82,01,-.73,01,.90,01,9900.00,99,9900.00,99
1998,2,6,6,50,1.93,01,-.71,01,.99,01,9900.00,99,9900.00,99
1998,2,6,6,55,1.59,01,-.66,01,.90,01,9900.00,99,9900.00,99
1998,2,6,7,0,1.54,01,-.73,01,.89,01,9900.00,99,9900.00,99
1998,2,6,7,5,1.59,01,-.70,01,.84,01,9900.00,99,9900.00,99
1998,2,6,7,10,1.59,01,-.64,01,.89,01,9900.00,99,9900.00,99
1998,2,6,7,15,1.68,01,-.56,01,.90,01,9900.00,99,9900.00,99
1998,2,6,7,20,2.06,01,-.55,01,1.25,01,9900.00,99,9900.00,99
1998,2,6,7,25,2.52,01,-.64,01,1.37,08,9900.00,99,9900.00,99
1998,2,6,7,30,3.13,01,-.66,01,2.27,01,9900.00,99,9900.00,99
1998,2,6,7,35,4.93,01,-.62,01,3.59,01,9900.00,99,9900.00,99
1998,2,6,7,40,7.08,01,-.69,01,5.30,01,9900.00,99,9900.00,99
1998,2,6,7,45,8.97,01,-.61,01,7.16,01,9900.00,99,9900.00,99
1998,2,6,7,50,10.61,01,-.58,01,8.36,01,9900.00,99,9900.00,99
1998,2,6,7,55,11.60,01,-.62,01,9.07,01,9900.00,99,9900.00,99
1998,2,6,8,0,15.04,01,-.57,01,11.33,01,9900.00,99,9900.00,99
1998,2,6,8,5,18.19,01,-.66,01,13.69,01,9900.00,99,9900.00,99
1998,2,6,8,10,20.64,01,-.77,01,15.60,01,9900.00,99,9900.00,99
1998,2,6,8,15,20.53,01,-.73,01,15.31,01,9900.00,99,9900.00,99
1998,2,6,8,20,23.71,01,-.71,01,17.67,01,9900.00,99,9900.00,99
1998,2,6,8,25,24.18,01,-.75,01,18.06,01,9900.00,99,9900.00,99
1998,2,6,8,30,26.61,03,-.76,03,20.09,03,9900.00,99,9900.00,99
1998,2,6,8,35,31.37,11,-.75,10,23.90,10,9900.00,99,9900.00,99
1998,2,6,8,40,35.77,11,-.73,10,27.50,10,9900.00,99,9900.00,99
1998,2,6,8,45,41.59,11,-.68,10,32.14,10,9900.00,99,9900.00,99
1998,2,6,8,50,49.40,11,-.57,10,38.21,10,9900.00,99,9900.00,99
1998,2,6,8,55,54.59,11,-.60,10,42.27,10,9900.00,99,9900.00,99
1998,2,6,9,0,54.18,11,-.64,10,41.78,10,9900.00,99,9900.00,99
1998,2,6,9,5,55.14,11,-.60,10,42.57,10,9900.00,99,9900.00,99
1998,2,6,9,10,57.68,11,-.57,10,44.42,10,9900.00,99,9900.00,99
1998,2,6,9,15,58.07,11,-.63,10,44.57,10,9900.00,99,9900.00,99
1998,2,6,9,20,54.33,11,-.74,10,41.31,10,9900.00,99,9900.00,99
1998,2,6,9,25,50.74,11,-.73,10,38.62,10,9900.00,99,9900.00,99
1998,2,6,9,30,45.97,03,-.69,03,35.34,03,9900.00,99,9900.00,99
1998,2,6,9,35,49.23,11,-.68,10,38.18,10,9900.00,99,9900.00,99
1998,2,6,9,40,49.58,03,-.69,03,39.22,03,9900.00,99,9900.00,99
1998,2,6,9,45,53.25,03,-.71,03,41.69,03,9900.00,99,9900.00,99
1998,2,6,9,50,59.43,11,-.71,10,46.66,10,9900.00,99,9900.00,99
1998,2,6,9,55,55.57,03,-.77,03,43.89,03,9900.00,99,9900.00,99
1998,2,6,10,0,71.69,03,-.58,03,56.74,03,9900.00,99,9900.00,99
1998,2,6,10,5,68.63,03,-.65,03,54.06,03,9900.00,99,9900.00,99
1998,2,6,10,10,84.32,11,-.60,10,65.32,10,9900.00,99,9900.00,99
1998,2,6,10,15,86.41,11,-.73,10,67.24,10,9900.00,99,9900.00,99
1998,2,6,10,20,82.69,11,-.74,10,64.77,10,9900.00,99,9900.00,99
1998,2,6,10,25,90.20,11,-.68,10,71.34,10,9900.00,99,9900.00,99
1998,2,6,10,30,90.89,03,-.70,03,71.99,03,9900.00,99,9900.00,99
1998,2,6,10,35,87.66,11,-.70,10,68.63,10,9900.00,99,9900.00,99
1998,2,6,10,40,74.28,11,-.75,10,58.86,10,9900.00,99,9900.00,99
1998,2,6,10,45,74.40,03,-.72,03,59.14,03,9900.00,99,9900.00,99
1998,2,6,10,50,74.97,03,-.73,03,59.97,03,9900.00,99,9900.00,99
1998,2,6,10,55,85.61,11,-.75,10,67.82,10,9900.00,99,9900.00,99
1998,2,6,11,0,86.88,11,-.74,10,69.22,10,9900.00,99,9900.00,99
1998,2,6,11,5,94.85,11,-.71,10,74.82,10,9900.00,99,9900.00,99
1998,2,6,11,10,110.59,15,-.59,14,86.34,14,9900.00,99,9900.00,99
1998,2,6,11,15,107.02,11,-.47,10,84.35,10,9900.00,99,9900.00,99
1998,2,6,11,20,119.12,11,-.35,10,93.13,10,9900.00,99,9900.00,99
1998,2,6,11,25,104.66,03,-.19,03,83.55,03,9900.00,99,9900.00,99
1998,2,6,11,30,150.54,15,0.00,14,119.08,14,9900.00,99,9900.00,99
1998,2,6,11,35,141.42,15,0.00,14,112.55,14,9900.00,99,9900.00,99
1998,2,6,11,40,139.94,11,0.00,10,110.11,10,9900.00,99,9900.00,99
1998,2,6,11,45,157.05,15,0.00,14,125.20,14,9900.00,99,9900.00,99
1998,2,6,11,50,138.87,11,0.00,10,111.04,10,9900.00,99,9900.00,99
1998,2,6,11,55,137.83,15,.01,14,109.51,14,9900.00,99,9900.00,99
1998,2,6,12,0,143.56,11,.06,10,114.89,10,9900.00,99,9900.00,99
1998,2,6,12,5,170.94,19,.18,18,135.98,18,9900.00,99,9900.00,99
1998,2,6,12,10,144.82,11,.42,10,115.90,10,9900.00,99,9900.00,99
1998,2,6,12,15,153.24,11,.12,10,124.13,10,9900.00,99,9900.00,99
1998,2,6,12,20,139.90,15,0.00,14,112.23,14,9900.00,99,9900.00,99
1998,2,6,12,25,144.86,11,0.00,10,116.06,10,9900.00,99,9900.00,99
1998,2,6,12,30,119.22,11,-.15,10,95.40,10,9900.00,99,9900.00,99
1998,2,6,12,35,88.13,03,-.42,03,71.31,03,9900.00,99,9900.00,99
1998,2,6,12,40,111.10,03,-.24,03,89.69,03,9900.00,99,9900.00,99
1998,2,6,12,45,148.62,15,-.03,14,117.78,14,9900.00,99,9900.00,99
1998,2,6,12,50,149.96,15,-.17,14,117.19,14,9900.00,99,9900.00,99
1998,2,6,12,55,128.82,11,-.07,10,100.73,10,9900.00,99,9900.00,99
1998,2,6,13,0,118.37,11,.51,10,92.64,10,9900.00,99,9900.00,99
1998,2,6,13,5,134.64,11,1.06,10,105.97,10,9900.00,99,9900.00,99
1998,2,6,13,10,152.36,15,1.08,14,119.56,14,9900.00,99,9900.00,99
1998,2,6,13,15,149.50,15,1.08,14,117.81,14,9900.00,99,9900.00,99
1998,2,6,13,20,144.03,11,.91,10,112.59,10,9900.00,99,9900.00,99
1998,2,6,13,25,120.07,15,.40,14,92.43,14,9900.00,99,9900.00,99
1998,2,6,13,30,108.15,11,0.00,10,84.15,10,9900.00,99,9900.00,99
1998,2,6,13,35,123.87,11,.04,10,98.26,10,9900.00,99,9900.00,99
1998,2,6,13,40,148.50,15,0.00,14,115.45,14,9900.00,99,9900.00,99
1998,2,6,13,45,121.81,11,.01,10,94.11,10,9900.00,99,9900.00,99
1998,2,6,13,50,110.73,11,-.05,10,86.57,10,9900.00,99,9900.00,99
1998,2,6,13,55,108.26,11,-.37,10,84.31,10,9900.00,99,9900.00,99
1998,2,6,14,0,102.36,11,-.76,10,79.85,10,9900.00,99,9900.00,99
1998,2,6,14,5,98.22,11,-.66,10,76.20,10,9900.00,99,9900.00,99
1998,2,6,14,10,91.33,11,-.66,10,71.02,10,9900.00,99,9900.00,99
1998,2,6,14,15,107.28,11,-.26,10,83.53,10,9900.00,99,9900.00,99
1998,2,6,14,20,104.47,11,-.24,10,81.74,10,9900.00,99,9900.00,99
1998,2,6,14,25,102.40,11,-.17,10,79.77,10,9900.00,99,9900.00,99
1998,2,6,14,30,100.86,11,-.10,10,78.28,10,9900.00,99,9900.00,99
1998,2,6,14,35,93.30,11,-.13,10,72.75,10,9900.00,99,9900.00,99
1998,2,6,14,40,98.22,11,-.08,10,76.57,10,9900.00,99,9900.00,99
1998,2,6,14,45,99.86,11,-.26,10,78.05,10,9900.00,99,9900.00,99
1998,2,6,14,50,96.40,11,-.16,10,75.42,10,9900.00,99,9900.00,99
1998,2,6,14,55,92.22,11,-.15,10,72.00,10,9900.00,99,9900.00,99
1998,2,6,15,0,101.90,15,-.13,14,79.48,14,9900.00,99,9900.00,99
1998,2,6,15,5,101.08,15,-.06,14,78.58,14,9900.00,99,9900.00,99
1998,2,6,15,10,88.48,11,-.02,10,68.81,10,9900.00,99,9900.00,99
1998,2,6,15,15,85.90,11,-.10,10,67.01,10,9900.00,99,9900.00,99
1998,2,6,15,20,83.13,11,-.24,10,64.79,10,9900.00,99,9900.00,99
1998,2,6,15,25,77.24,11,-.37,10,60.26,10,9900.00,99,9900.00,99
1998,2,6,15,30,72.32,11,-.47,10,56.29,10,9900.00,99,9900.00,99
1998,2,6,15,35,70.30,11,-.45,10,54.38,10,9900.00,99,9900.00,99
1998,2,6,15,40,68.67,11,-.73,10,53.11,10,9900.00,99,9900.00,99
1998,2,6,15,45,71.66,11,-.73,10,55.32,10,9900.00,99,9900.00,99
1998,2,6,15,50,69.80,11,-.71,10,53.67,10,9900.00,99,9900.00,99
1998,2,6,15,55,64.71,15,-.77,14,49.86,14,9900.00,99,9900.00,99
1998,2,6,16,0,58.64,11,-.70,10,45.34,10,9900.00,99,9900.00,99
1998,2,6,16,5,57.09,11,-.66,10,44.26,10,9900.00,99,9900.00,99
1998,2,6,16,10,56.02,11,-.67,10,43.24,10,9900.00,99,9900.00,99
1998,2,6,16,15,50.22,03,-.46,03,38.72,03,9900.00,99,9900.00,99
1998,2,6,16,20,48.64,11,-.29,10,37.61,10,9900.00,99,9900.00,99
1998,2,6,16,25,47.34,11,-.20,10,36.20,10,9900.00,99,9900.00,99
1998,2,6,16,30,43.11,11,-.12,10,32.91,10,9900.00,99,9900.00,99
1998,2,6,16,35,37.58,03,-.22,03,28.69,03,9900.00,99,9900.00,99
1998,2,6,16,40,32.36,03,-.31,03,24.57,03,9900.00,99,9900.00,99
1998,2,6,16,45,28.59,03,-.71,03,21.77,03,9900.00,99,9900.00,99
1998,2,6,16,50,24.34,03,-.78,03,17.98,03,9900.00,99,9900.00,99
1998,2,6,16,55,22.91,03,-.79,03,16.90,03,9900.00,99,9900.00,99
1998,2,6,17,0,21.21,01,-.78,01,15.77,01,9900.00,99,9900.00,99
1998,2,6,17,5,19.84,01,-.74,01,14.61,01,9900.00,99,9900.00,99
1998,2,6,17,10,17.23,01,-.68,01,12.57,01,9900.00,99,9900.00,99
1998,2,6,17,15,13.37,01,-.61,01,9.93,01,9900.00,99,9900.00,99
1998,2,6,17,20,10.51,01,-.66,01,7.88,01,9900.00,99,9900.00,99
1998,2,6,17,25,8.67,01,-.66,01,6.46,01,9900.00,99,9900.00,99
1998,2,6,17,30,8.22,01,-.71,01,5.74,01,9900.00,99,9900.00,99
1998,2,6,17,35,6.47,01,-.73,01,4.30,01,9900.00,99,9900.00,99
1998,2,6,17,40,5.75,01,-.66,01,3.62,01,9900.00,99,9900.00,99
1998,2,6,17,45,4.67,01,-.44,01,3.10,01,9900.00,99,9900.00,99
1998,2,6,17,50,3.49,01,-.28,01,2.35,01,9900.00,99,9900.00,99
1998,2,6,17,55,2.79,01,-.48,01,1.38,01,9900.00,99,9900.00,99
1998,2,6,18,0,1.73,01,-.53,01,.81,01,9900.00,99,9900.00,99
1998,2,6,18,5,1.12,01,-.67,01,.08,01,9900.00,99,9900.00,99
1998,2,6,18,10,.79,01,-.71,01,0.00,01,9900.00,99,9900.00,99
1998,2,6,18,15,.70,01,-.77,01,0.00,01,9900.00,99,9900.00,99
1998,2,6,18,20,.68,01,-.77,01,-.01,01,9900.00,99,9900.00,99
1998,2,6,18,25,.66,01,-.77,01,-.01,01,9900.00,99,9900.00,99
1998,2,6,18,30,.60,01,-.76,01,-.02,01,9900.00,99,9900.00,99
1998,2,6,18,35,.55,01,-.77,01,0.00,01,9900.00,99,9900.00,99
1998,2,6,18,40,.56,01,-.77,01,0.00,01,9900.00,99,9900.00,99
1998,2,6,18,45,.57,01,-.61,01,0.00,01,9900.00,99,9900.00,99
1998,2,6,18,50,.55,01,-.61,01,0.00,01,9900.00,99,9900.00,99
1998,2,6,18,55,.52,01,-.54,01,0.00,01,9900.00,99,9900.00,99
1998,2,6,19,0,.43,01,-.54,01,0.00,01,9900.00,99,9900.00,99
1998,2,6,19,5,.38,01,-.44,01,0.00,01,9900.00,99,9900.00,99
1998,2,6,19,10,.37,01,-.46,01,0.00,01,9900.00,99,9900.00,99
1998,2,6,19,15,.24,01,-.58,01,-.01,01,9900.00,99,9900.00,99
1998,2,6,19,20,.17,01,-.54,01,-.05,01,9900.00,99,9900.00,99
1998,2,6,19,25,.19,01,-.48,01,-.15,01,9900.00,99,9900.00,99
1998,2,6,19,30,.26,01,-.53,01,-.23,01,9900.00,99,9900.00,99
1998,2,6,19,35,.24,01,-.63,01,-.29,01,9900.00,99,9900.00,99
1998,2,6,19,40,.23,01,-.59,01,-.30,01,9900.00,99,9900.00,99
1998,2,6,19,45,.22,01,-.52,01,-.31,01,9900.00,99,9900.00,99
1998,2,6,19,50,.29,01,-.50,01,-.29,01,9900.00,99,9900.00,99
1998,2,6,19,55,.23,01,-.48,01,-.35,01,9900.00,99,9900.00,99
1998,2,6,20,0,.18,01,-.44,01,-.38,01,9900.00,99,9900.00,99
1998,2,6,20,5,.12,01,-.42,01,-.44,01,9900.00,99,9900.00,99
1998,2,6,20,10,.13,01,-.46,01,-.46,01,9900.00,99,9900.00,99
1998,2,6,20,15,.19,01,-.53,01,-.62,01,9900.00,99,9900.00,99
1998,2,6,20,20,.18,01,-.46,01,-.55,01,9900.00,99,9900.00,99
1998,2,6,20,25,.21,01,-.46,01,-.60,01,9900.00,99,9900.00,99
1998,2,6,20,30,.16,01,-.42,01,-.55,01,9900.00,99,9900.00,99
1998,2,6,20,35,.21,01,-.40,01,-.52,01,9900.00,99,9900.00,99
1998,2,6,20,40,.27,01,-.49,01,-.56,01,9900.00,99,9900.00,99
1998,2,6,20,45,.23,01,-.44,01,-.52,01,9900.00,99,9900.00,99
1998,2,6,20,50,.30,01,-.44,01,-.52,01,9900.00,99,9900.00,99
1998,2,6,20,55,.29,01,-.42,01,-.60,01,9900.00,99,9900.00,99
1998,2,6,21,0,.41,01,-.47,01,-.54,01,9900.00,99,9900.00,99
1998,2,6,21,5,.59,01,-.28,01,-.31,01,9900.00,99,9900.00,99
1998,2,6,21,10,.68,01,-.29,01,-.05,01,9900.00,99,9900.00,99
1998,2,6,21,15,.69,01,-.26,01,-.01,01,9900.00,99,9900.00,99
1998,2,6,21,20,.71,01,-.26,01,-.01,01,9900.00,99,9900.00,99
1998,2,6,21,25,.71,01,-.18,01,0.00,01,9900.00,99,9900.00,99
1998,2,6,21,30,.74,01,-.13,01,0.00,01,9900.00,99,9900.00,99
1998,2,6,21,35,.70,01,-.20,01,0.00,01,9900.00,99,9900.00,99
1998,2,6,21,40,.73,01,-.22,01,0.00,01,9900.00,99,9900.00,99
1998,2,6,21,45,.73,01,-.41,01,0.00,01,9900.00,99,9900.00,99
1998,2,6,21,50,.71,01,-.42,01,0.00,01,9900.00,99,9900.00,99
1998,2,6,21,55,.72,01,-.46,01,0.00,01,9900.00,99,9900.00,99
1998,2,6,22,0,.74,01,-.53,01,0.00,01,9900.00,99,9900.00,99
1998,2,6,22,5,.69,01,-.48,01,0.00,01,9900.00,99,9900.00,99
1998,2,6,22,10,.71,01,-.50,01,0.00,01,9900.00,99,9900.00,99
1998,2,6,22,15,.71,01,-.54,01,0.00,01,9900.00,99,9900.00,99
1998,2,6,22,20,.68,01,-.48,01,0.00,01,9900.00,99,9900.00,99
1998,2,6,22,25,.67,01,-.39,01,0.00,01,9900.00,99,9900.00,99
1998,2,6,22,30,.65,01,-.49,01,-.01,01,9900.00,99,9900.00,99
1998,2,6,22,35,.55,01,-.59,01,-.01,01,9900.00,99,9900.00,99
1998,2,6,22,40,.37,01,-.59,01,-.22,01,9900.00,99,9900.00,99
1998,2,6,22,45,.36,01,-.61,01,-.42,01,9900.00,99,9900.00,99
1998,2,6,22,50,.36,01,-.56,01,-.50,01,9900.00,99,9900.00,99
1998,2,6,22,55,.37,01,-.71,01,-.52,01,9900.00,99,9900.00,99
1998,2,6,23,0,.30,01,-.67,01,-.60,01,9900.00,99,9900.00,99
1998,2,6,23,5,.15,01,-.55,01,-.66,01,9900.00,99,9900.00,99
1998,2,6,23,10,.09,01,-.62,01,-.78,01,9900.00,99,9900.00,99
1998,2,6,23,15,.07,01,-.48,01,-.78,01,9900.00,99,9900.00,99
1998,2,6,23,20,.13,01,-.48,01,-.79,01,9900.00,99,9900.00,99
1998,2,6,23,25,.06,01,-.44,01,-.79,01,9900.00,99,9900.00,99
1998,2,6,23,30,.05,01,-.44,01,-.79,01,9900.00,99,9900.00,99
1998,2,6,23,35,.06,01,-.44,01,-.79,01,9900.00,99,9900.00,99
1998,2,6,23,40,.05,01,-.46,01,-.79,01,9900.00,99,9900.00,99
1998,2,6,23,45,.02,01,-.41,01,-.79,01,9900.00,99,9900.00,99
1998,2,6,23,50,.05,01,-.35,01,-.80,01,9900.00,99,9900.00,99
1998,2,6,23,55,.04,01,-.37,01,-.77,01,9900.00,99,9900.00,99
1998,2,7,0,0,.05,01,-.44,01,-.78,01,9900.00,99,9900.00,99
1998,2,7,0,5,.07,01,-.39,01,-.79,01,9900.00,99,9900.00,99
1998,2,7,0,10,.07,01,-.46,01,-.77,01,9900.00,99,9900.00,99
1998,2,7,0,15,.12,01,-.61,01,-.77,01,9900.00,99,9900.00,99
1998,2,7,0,20,.12,01,-.55,01,-.64,01,9900.00,99,9900.00,99
1998,2,7,0,25,.12,01,-.54,01,-.68,01,9900.00,99,9900.00,99
1998,2,7,0,30,.15,01,-.45,01,-.64,01,9900.00,99,9900.00,99
1998,2,7,0,35,.06,01,-.39,01,-.70,01,9900.00,99,9900.00,99
1998,2,7,0,40,.07,01,-.23,01,-.77,01,9900.00,99,9900.00,99
1998,2,7,0,45,.10,01,-.23,01,-.73,01,9900.00,99,9900.00,99
1998,2,7,0,50,.07,01,-.35,01,-.66,01,9900.00,99,9900.00,99
1998,2,7,0,55,.07,01,-.39,01,-.66,01,9900.00,99,9900.00,99
1998,2,7,1,0,.10,01,-.44,01,-.66,01,9900.00,99,9900.00,99
1998,2,7,1,5,.05,01,-.34,01,-.70,01,9900.00,99,9900.00,99
1998,2,7,1,10,.02,01,-.33,01,-.76,01,9900.00,99,9900.00,99
1998,2,7,1,15,.08,01,-.37,01,-.74,01,9900.00,99,9900.00,99
1998,2,7,1,20,.06,01,-.42,01,-.73,01,9900.00,99,9900.00,99
1998,2,7,1,25,.01,01,-.39,01,-.71,01,9900.00,99,9900.00,99
1998,2,7,1,30,.05,01,-.42,01,-.76,01,9900.00,99,9900.00,99
1998,2,7,1,35,.02,01,-.42,01,-.76,01,9900.00,99,9900.00,99
1998,2,7,1,40,.01,01,-.32,01,-.79,01,9900.00,99,9900.00,99
1998,2,7,1,45,-.01,01,-.32,01,-.82,01,9900.00,99,9900.00,99
1998,2,7,1,50,-.01,01,-.31,01,-.79,01,9900.00,99,9900.00,99
1998,2,7,1,55,0.00,01,-.42,01,-.79,01,9900.00,99,9900.00,99
1998,2,7,2,0,-.01,01,-.41,01,-.79,01,9900.00,99,9900.00,99
1998,2,7,2,5,-.02,01,-.40,01,-.79,01,9900.00,99,9900.00,99
1998,2,7,2,10,-.01,01,-.39,01,-.79,01,9900.00,99,9900.00,99
1998,2,7,2,15,-.02,01,-.33,01,-.81,01,9900.00,99,9900.00,99
1998,2,7,2,20,-.03,01,-.27,01,-.83,01,9900.00,99,9900.00,99
1998,2,7,2,25,-.02,01,-.40,01,-.79,01,9900.00,99,9900.00,99
1998,2,7,2,30,-.04,01,-.43,01,-.80,01,9900.00,99,9900.00,99
1998,2,7,2,35,-.02,01,-.49,01,-.79,01,9900.00,99,9900.00,99
1998,2,7,2,40,-.04,01,-.40,01,-.82,01,9900.00,99,9900.00,99
1998,2,7,2,45,-.06,01,-.35,01,-.81,01,9900.00,99,9900.00,99
1998,2,7,2,50,-.06,01,-.35,01,-.85,01,9900.00,99,9900.00,99
1998,2,7,2,55,-.20,01,-.41,01,-1.01,01,9900.00,99,9900.00,99
1998,2,7,3,0,-.32,01,-.44,01,-.95,01,9900.00,99,9900.00,99
1998,2,7,3,5,-.32,01,-.37,01,-1.02,01,9900.00,99,9900.00,99
1998,2,7,3,10,-.28,01,-.42,01,-.99,01,9900.00,99,9900.00,99
1998,2,7,3,15,-.27,01,-.43,01,-1.01,01,9900.00,99,9900.00,99
1998,2,7,3,20,-.41,01,-.35,01,-1.07,01,9900.00,99,9900.00,99
1998,2,7,3,25,-.44,01,-.35,01,-1.12,01,9900.00,99,9900.00,99
1998,2,7,3,30,-.49,01,-.35,01,-1.04,01,9900.00,99,9900.00,99
1998,2,7,3,35,-.61,01,-.32,01,-1.11,01,9900.00,99,9900.00,99
1998,2,7,3,40,-.60,01,-.43,01,-1.12,01,9900.00,99,9900.00,99
1998,2,7,3,45,-.20,01,-.41,01,-.97,01,9900.00,99,9900.00,99
1998,2,7,3,50,-.03,01,-.35,01,-.80,01,9900.00,99,9900.00,99
1998,2,7,3,55,.02,01,-.26,01,-.79,01,9900.00,99,9900.00,99
1998,2,7,4,0,.02,01,-.36,01,-.76,01,9900.00,99,9900.00,99
1998,2,7,4,5,.03,01,-.27,01,-.79,01,9900.00,99,9900.00,99
1998,2,7,4,10,-.01,01,-.33,01,-.78,01,9900.00,99,9900.00,99
1998,2,7,4,15,-.02,01,-.37,01,-.80,01,9900.00,99,9900.00,99
1998,2,7,4,20,-.02,01,-.37,01,-.79,01,9900.00,99,9900.00,99
1998,2,7,4,25,-.04,01,-.39,01,-.80,01,9900.00,99,9900.00,99
1998,2,7,4,30,.02,01,-.39,01,-.74,01,9900.00,99,9900.00,99
1998,2,7,4,35,.09,01,-.37,01,-.65,01,9900.00,99,9900.00,99
1998,2,7,4,40,.11,01,-.38,01,-.48,01,9900.00,99,9900.00,99
1998,2,7,4,45,.02,01,-.26,01,-.72,01,9900.00,99,9900.00,99
1998,2,7,4,50,.02,01,-.32,01,-.72,01,9900.00,99,9900.00,99
1998,2,7,4,55,.06,01,-.32,01,-.74,01,9900.00,99,9900.00,99
1998,2,7,5,0,.06,01,-.38,01,-.56,01,9900.00,99,9900.00,99
1998,2,7,5,5,.05,01,-.41,01,-.49,01,9900.00,99,9900.00,99
1998,2,7,5,10,.09,01,-.55,01,-.45,01,9900.00,99,9900.00,99
1998,2,7,5,15,.04,01,-.53,01,-.63,01,9900.00,99,9900.00,99
1998,2,7,5,20,.04,01,-.43,01,-.69,01,9900.00,99,9900.00,99
1998,2,7,5,25,.04,01,-.39,01,-.70,01,9900.00,99,9900.00,99
1998,2,7,5,30,.09,01,-.40,01,-.71,01,9900.00,99,9900.00,99
1998,2,7,5,35,.09,01,-.64,01,-.57,01,9900.00,99,9900.00,99
1998,2,7,5,40,.05,01,-.59,01,-.57,01,9900.00,99,9900.00,99
1998,2,7,5,45,.02,01,-.42,01,-.73,01,9900.00,99,9900.00,99
1998,2,7,5,50,0.00,01,-.39,01,-.79,01,9900.00,99,9900.00,99
1998,2,7,5,55,-.06,01,-.36,01,-.83,01,9900.00,99,9900.00,99
1998,2,7,6,0,-.35,01,-.28,01,-1.13,01,9900.00,99,9900.00,99
1998,2,7,6,5,-.63,01,-.32,01,-1.19,01,9900.00,99,9900.00,99
1998,2,7,6,10,-.66,01,-.32,01,-1.22,01,9900.00,99,9900.00,99
1998,2,7,6,15,-.68,01,-.31,01,-1.19,01,9900.00,99,9900.00,99
1998,2,7,6,20,-.57,01,-.35,01,-1.19,01,9900.00,99,9900.00,99
1998,2,7,6,25,-.32,01,-.21,01,-1.17,01,9900.00,99,9900.00,99
1998,2,7,6,30,-.07,01,-.19,01,-1.15,01,9900.00,99,9900.00,99
1998,2,7,6,35,-.05,01,-.25,01,-1.03,01,9900.00,99,9900.00,99
1998,2,7,6,40,-.04,01,-.19,01,-.92,01,9900.00,99,9900.00,99
1998,2,7,6,45,-.02,01,-.23,01,-.93,01,9900.00,99,9900.00,99
1998,2,7,6,50,-.02,01,-.29,01,-.88,01,9900.00,99,9900.00,99
1998,2,7,6,55,-.05,01,-.33,01,-.92,01,9900.00,99,9900.00,99
1998,2,7,7,0,-.04,01,-.33,01,-.93,01,9900.00,99,9900.00,99
1998,2,7,7,5,-.02,01,-.33,01,-.82,01,9900.00,99,9900.00,99
1998,2,7,7,10,-.05,01,-.46,01,-.83,01,9900.00,99,9900.00,99
1998,2,7,7,15,-.05,01,-.35,01,-.83,01,9900.00,99,9900.00,99
1998,2,7,7,20,-.03,01,-.24,01,-.80,01,9900.00,99,9900.00,99
1998,2,7,7,25,.30,01,-.24,01,-.51,01,9900.00,99,9900.00,99
1998,2,7,7,30,1.29,01,-.33,01,.38,01,9900.00,99,9900.00,99
1998,2,7,7,35,2.42,01,-.23,01,1.21,01,9900.00,99,9900.00,99
1998,2,7,7,40,3.93,01,-.14,01,2.46,01,9900.00,99,9900.00,99
1998,2,7,7,45,8.03,01,-.03,01,5.65,01,9900.00,99,9900.00,99
1998,2,7,7,50,8.72,01,-.09,01,6.43,01,9900.00,99,9900.00,99
1998,2,7,7,55,8.89,01,-.10,01,6.17,01,9900.00,99,9900.00,99
1998,2,7,8,0,9.90,01,-.08,01,6.90,01,9900.00,99,9900.00,99
1998,2,7,8,5,17.23,01,-.13,01,12.64,01,9900.00,99,9900.00,99
1998,2,7,8,10,29.34,01,-.14,01,22.26,01,9900.00,99,9900.00,99
1998,2,7,8,15,27.36,01,-.06,01,21.29,01,9900.00,99,9900.00,99
1998,2,7,8,20,46.02,01,-.01,01,35.30,01,9900.00,99,9900.00,99
1998,2,7,8,25,57.78,19,-.01,18,44.98,18,9900.00,99,9900.00,99
1998,2,7,8,30,80.70,27,-.02,26,62.51,26,9900.00,99,9900.00,99
1998,2,7,8,35,70.46,19,-.19,18,55.01,18,9900.00,99,9900.00,99
1998,2,7,8,40,68.35,19,-.26,18,53.85,18,9900.00,99,9900.00,99
1998,2,7,8,45,70.67,15,-.48,14,55.69,14,9900.00,99,9900.00,99
1998,2,7,8,50,69.55,15,-.44,14,54.41,14,9900.00,99,9900.00,99
1998,2,7,8,55,63.69,11,-.50,10,50.29,10,9900.00,99,9900.00,99
1998,2,7,9,0,73.96,15,-.62,14,58.11,14,9900.00,99,9900.00,99
1998,2,7,9,5,90.01,19,-.25,18,70.61,18,9900.00,99,9900.00,99
1998,2,7,9,10,99.65,19,-.01,18,78.46,18,9900.00,99,9900.00,99
1998,2,7,9,15,110.92,19,.01,18,87.00,18,9900.00,99,9900.00,99
1998,2,7,9,20,126.10,23,.12,22,99.23,22,9900.00,99,9900.00,99
1998,2,7,9,25,128.97,23,-.28,22,101.69,22,9900.00,99,9900.00,99
1998,2,7,9,30,133.08,23,-.66,22,103.94,22,9900.00,99,9900.00,99
1998,2,7,9,35,127.65,23,-.30,22,99.79,22,9900.00,99,9900.00,99
1998,2,7,9,40,131.41,23,-.02,22,102.67,22,9900.00,99,9900.00,99
1998,2,7,9,45,136.76,19,0.00,18,107.28,18,9900.00,99,9900.00,99
1998,2,7,9,50,136.57,19,0.00,18,107.45,18,9900.00,99,9900.00,99
1998,2,7,9,55,145.29,19,-.12,18,113.43,18,9900.00,99,9900.00,99
1998,2,7,10,0,158.92,23,0.00,22,124.47,22,9900.00,99,9900.00,99
1998,2,7,10,5,184.21,27,.03,26,143.19,26,9900.00,99,9900.00,99
1998,2,7,10,10,195.31,27,0.00,26,151.98,26,9900.00,99,9900.00,99
1998,2,7,10,15,210.79,31,0.00,30,162.73,30,9900.00,99,9900.00,99
1998,2,7,10,20,212.18,27,-.15,26,166.49,26,9900.00,99,9900.00,99
1998,2,7,10,25,196.81,23,-.61,22,152.54,22,9900.00,99,9900.00,99
1998,2,7,10,30,150.33,19,-1.02,18,118.78,18,9900.00,99,9900.00,99
1998,2,7,10,35,176.50,19,-1.09,18,137.61,18,9900.00,99,9900.00,99
1998,2,7,10,40,193.23,23,-.62,22,151.38,22,9900.00,99,9900.00,99
1998,2,7,10,45,162.99,19,-.77,18,129.01,18,9900.00,99,9900.00,99
1998,2,7,10,50,212.47,23,-.43,22,167.06,22,9900.00,99,9900.00,99
1998,2,7,10,55,213.87,23,-.29,22,166.31,22,9900.00,99,9900.00,99
1998,2,7,11,0,216.99,23,-.23,22,169.16,22,9900.00,99,9900.00,99
1998,2,7,11,5,191.11,19,-.71,18,150.26,18,9900.00,99,9900.00,99
1998,2,7,11,10,211.46,23,-.69,22,166.38,22,9900.00,99,9900.00,99
1998,2,7,11,15,223.75,27,-.82,26,174.48,26,9900.00,99,9900.00,99
1998,2,7,11,20,255.06,31,-.75,30,198.21,30,9900.00,99,9900.00,99
1998,2,7,11,25,294.08,35,-.35,34,225.19,34,9900.00,99,9900.00,99
1998,2,7,11,30,237.04,27,-.58,26,180.47,26,9900.00,99,9900.00,99
1998,2,7,11,35,334.94,43,-.10,42,249.63,42,9900.00,99,9900.00,99
1998,2,7,11,40,297.25,39,-.71,38,222.46,38,9900.00,99,9900.00,99
1998,2,7,11,45,309.11,39,-.71,38,226.40,38,9900.00,99,9900.00,99
1998,2,7,11,50,325.47,39,-.88,38,242.09,38,9900.00,99,9900.00,99
1998,2,7,11,55,392.19,47,-.51,46,291.00,46,9900.00,99,9900.00,99
1998,2,7,12,0,434.77,51,-.58,50,321.10,50,9900.00,99,9900.00,99
1998,2,7,12,5,387.19,47,-1.23,46,286.68,46,9900.00,99,9900.00,99
1998,2,7,12,10,355.46,39,-.95,38,271.32,38,9900.00,99,9900.00,99
1998,2,7,12,15,285.08,27,-1.63,26,225.67,26,9900.00,99,9900.00,99
1998,2,7,12,20,291.65,23,-1.88,22,233.12,22,9900.00,99,9900.00,99
1998,2,7,12,25,317.44,27,-1.49,26,251.80,26,9900.00,99,9900.00,99
1998,2,7,12,30,292.51,23,-1.55,22,236.02,22,9900.00,99,9900.00,99
1998,2,7,12,35,331.74,27,-1.23,26,270.25,26,9900.00,99,9900.00,99
1998,2,7,12,40,326.21,27,-.95,26,267.36,26,9900.00,99,9900.00,99
1998,2,7,12,45,314.38,27,-.78,26,258.87,26,9900.00,99,9900.00,99
1998,2,7,12,50,286.04,23,-.88,22,239.89,22,9900.00,99,9900.00,99
1998,2,7,12,55,290.89,19,-1.51,18,243.44,18,9900.00,99,9900.00,99
1998,2,7,13,0,289.45,19,-1.32,18,242.19,18,9900.00,99,9900.00,99
1998,2,7,13,5,261.69,19,-1.14,18,219.64,18,9900.00,99,9900.00,99
1998,2,7,13,10,267.39,19,-.95,18,226.20,18,9900.00,99,9900.00,99
1998,2,7,13,15,253.76,15,-1.02,14,217.46,14,9900.00,99,9900.00,99
1998,2,7,13,20,238.31,15,-1.32,14,206.03,14,9900.00,99,9900.00,99
1998,2,7,13,25,260.97,15,-1.02,14,225.46,14,9900.00,99,9900.00,99
1998,2,7,13,30,302.04,23,-.68,22,259.10,22,9900.00,99,9900.00,99
1998,2,7,13,35,264.01,15,-.98,14,226.64,14,9900.00,99,9900.00,99
1998,2,7,13,40,234.72,15,-1.23,14,203.23,14,9900.00,99,9900.00,99
1998,2,7,13,45,244.09,15,-1.51,14,211.98,14,9900.00,99,9900.00,99
1998,2,7,13,50,229.46,15,-1.75,14,199.93,14,9900.00,99,9900.00,99
1998,2,7,13,55,188.14,11,-1.69,10,164.50,10,9900.00,99,9900.00,99
1998,2,7,14,0,215.49,11,-1.94,10,190.01,10,9900.00,99,9900.00,99
1998,2,7,14,5,222.10,11,-1.97,10,198.47,10,9900.00,99,9900.00,99
1998,2,7,14,10,184.77,03,-1.69,03,166.07,03,9900.00,99,9900.00,99
1998,2,7,14,15,147.97,03,-1.72,03,132.87,03,9900.00,99,9900.00,99
1998,2,7,14,20,160.50,03,-1.72,03,142.45,03,9900.00,99,9900.00,99
1998,2,7,14,25,160.81,03,-1.40,03,145.52,03,9900.00,99,9900.00,99
1998,2,7,14,30,165.40,11,-1.16,10,147.14,10,9900.00,99,9900.00,99
1998,2,7,14,35,175.06,03,-1.03,03,157.15,03,9900.00,99,9900.00,99
1998,2,7,14,40,203.18,11,-.96,10,182.22,10,9900.00,99,9900.00,99
1998,2,7,14,45,229.85,03,-.82,03,215.01,03,9900.00,99,9900.00,99
1998,2,7,14,50,204.99,03,-.84,03,190.49,03,9900.00,99,9900.00,99
1998,2,7,14,55,182.73,03,-.89,03,168.57,03,9900.00,99,9900.00,99
1998,2,7,15,0,173.66,03,-1.10,03,156.32,03,9900.00,99,9900.00,99
1998,2,7,15,5,166.85,03,-1.22,03,155.42,03,9900.00,99,9900.00,99
1998,2,7,15,10,142.79,03,-1.29,03,130.56,03,9900.00,99,9900.00,99
1998,2,7,15,15,135.49,03,-1.27,03,123.94,03,9900.00,99,9900.00,99
1998,2,7,15,20,132.54,03,-1.21,03,121.19,03,9900.00,99,9900.00,99
1998,2,7,15,25,121.71,03,-1.18,03,111.13,03,9900.00,99,9900.00,99
1998,2,7,15,30,123.92,03,-1.14,03,113.88,03,9900.00,99,9900.00,99
1998,2,7,15,35,128.11,03,-.94,03,118.12,03,9900.00,99,9900.00,99
1998,2,7,15,40,126.16,03,-.77,03,117.57,03,9900.00,99,9900.00,99
1998,2,7,15,45,116.95,03,-.74,03,107.64,03,9900.00,99,9900.00,99
1998,2,7,15,50,113.68,03,-.75,03,106.13,03,9900.00,99,9900.00,99
1998,2,7,15,55,118.92,03,-.55,03,111.78,03,9900.00,99,9900.00,99
1998,2,7,16,0,124.30,03,-.32,03,120.80,03,9900.00,99,9900.00,99
1998,2,7,16,5,103.00,03,-.39,03,99.89,03,9900.00,99,9900.00,99
1998,2,7,16,10,100.16,03,-.52,03,98.11,03,9900.00,99,9900.00,99
1998,2,7,16,15,90.19,03,-.77,03,88.48,03,9900.00,99,9900.00,99
1998,2,7,16,20,78.63,03,-.84,03,75.63,03,9900.00,99,9900.00,99
1998,2,7,16,25,72.39,03,-.84,03,68.93,03,9900.00,99,9900.00,99
1998,2,7,16,30,83.00,03,-.65,03,81.49,03,9900.00,99,9900.00,99
1998,2,7,16,35,77.47,03,-.35,03,75.76,03,9900.00,99,9900.00,99
1998,2,7,16,40,55.98,03,-.78,03,52.54,03,9900.00,99,9900.00,99
1998,2,7,16,45,39.99,03,-.90,03,36.48,03,9900.00,99,9900.00,99
1998,2,7,16,50,35.90,03,-.95,03,32.84,03,9900.00,99,9900.00,99
1998,2,7,16,55,33.71,03,-.79,03,30.83,03,9900.00,99,9900.00,99
1998,2,7,17,0,31.66,01,-.69,01,28.69,01,9900.00,99,9900.00,99
1998,2,7,17,5,28.39,01,-.69,01,25.71,01,9900.00,99,9900.00,99
1998,2,7,17,10,26.80,01,-.71,01,24.65,01,9900.00,99,9900.00,99
1998,2,7,17,15,23.99,01,-.79,01,22.25,01,9900.00,99,9900.00,99
1998,2,7,17,20,21.45,01,-.82,01,19.95,01,9900.00,99,9900.00,99
1998,2,7,17,25,17.37,01,-.82,01,15.54,01,9900.00,99,9900.00,99
1998,2,7,17,30,12.09,01,-.98,01,10.52,01,9900.00,99,9900.00,99
1998,2,7,17,35,8.80,01,-1.14,01,7.45,01,9900.00,99,9900.00,99
1998,2,7,17,40,6.81,01,-1.16,01,5.03,01,9900.00,99,9900.00,99
1998,2,7,17,45,5.01,01,-1.16,01,3.48,01,9900.00,99,9900.00,99
1998,2,7,17,50,3.19,01,-1.12,01,1.85,01,9900.00,99,9900.00,99
1998,2,7,17,55,1.39,01,-.95,01,-.08,01,9900.00,99,9900.00,99
1998,2,7,18,0,.40,01,-.82,01,-1.01,01,9900.00,99,9900.00,99
1998,2,7,18,5,-.42,01,-.78,01,-1.55,01,9900.00,99,9900.00,99
1998,2,7,18,10,-.79,01,-.77,01,-2.03,01,9900.00,99,9900.00,99
1998,2,7,18,15,-.94,01,-.77,01,-2.14,01,9900.00,99,9900.00,99
1998,2,7,18,20,-.96,01,-.77,01,-2.05,01,9900.00,99,9900.00,99
1998,2,7,18,25,-.78,01,-.73,01,-1.98,01,9900.00,99,9900.00,99
1998,2,7,18,30,-.75,01,-.76,01,-1.87,01,9900.00,99,9900.00,99
1998,2,7,18,35,-.72,01,-.68,01,-1.63,01,9900.00,99,9900.00,99
1998,2,7,18,40,-.72,01,-.68,01,-1.42,01,9900.00,99,9900.00,99
1998,2,7,18,45,-.66,01,-.63,01,-1.30,01,9900.00,99,9900.00,99
1998,2,7,18,50,-.61,01,-.65,01,-1.23,01,9900.00,99,9900.00,99
1998,2,7,18,55,-.60,01,-.62,01,-1.19,01,9900.00,99,9900.00,99
1998,2,7,19,0,-.43,01,-.66,01,-1.19,01,9900.00,99,9900.00,99
1998,2,7,19,5,-.39,01,-.44,01,-1.19,01,9900.00,99,9900.00,99
1998,2,7,19,10,-.34,01,-.44,01,-1.19,01,9900.00,99,9900.00,99
1998,2,7,19,15,-.14,01,-.49,01,-1.16,01,9900.00,99,9900.00,99
1998,2,7,19,20,-.13,01,-.54,01,-1.13,01,9900.00,99,9900.00,99
1998,2,7,19,25,-.07,01,-.57,01,-1.08,01,9900.00,99,9900.00,99
1998,2,7,19,30,-.01,01,-.68,01,-.97,01,9900.00,99,9900.00,99
1998,2,7,19,35,-.06,01,-.69,01,-.91,01,9900.00,99,9900.00,99
1998,2,7,19,40,-.01,01,-.68,01,-.84,01,9900.00,99,9900.00,99
1998,2,7,19,45,0.00,01,-.73,01,-.80,01,9900.00,99,9900.00,99
1998,2,7,19,50,.02,01,-.71,01,-.80,01,9900.00,99,9900.00,99
1998,2,7,19,55,.05,01,-.72,01,-.79,01,9900.00,99,9900.00,99
1998,2,7,20,0,.04,01,-.62,01,-.75,01,9900.00,99,9900.00,99
1998,2,7,20,5,.04,01,-.65,01,-.76,01,9900.00,99,9900.00,99
1998,2,7,20,10,.03,01,-.69,01,-.74,01,9900.00,99,9900.00,99
1998,2,7,20,15,.01,01,-.71,01,-.69,01,9900.00,99,9900.00,99
1998,2,7,20,20,.01,01,-.74,01,-.77,01,9900.00,99,9900.00,99
1998,2,7,20,25,.01,01,-.73,01,-.78,01,9900.00,99,9900.00,99
1998,2,7,20,30,.01,01,-.68,01,-.78,01,9900.00,99,9900.00,99
1998,2,7,20,35,.04,01,-.59,01,-.72,01,9900.00,99,9900.00,99
1998,2,7,20,40,.03,01,-.55,01,-.73,01,9900.00,99,9900.00,99
1998,2,7,20,45,.04,01,-.50,01,-.70,01,9900.00,99,9900.00,99
1998,2,7,20,50,.06,01,-.51,01,-.70,01,9900.00,99,9900.00,99
1998,2,7,20,55,.03,01,-.68,01,-.76,01,9900.00,99,9900.00,99
1998,2,7,21,0,0.00,01,-.69,01,-.79,01,9900.00,99,9900.00,99
1998,2,7,21,5,.02,01,-.58,01,-.77,01,9900.00,99,9900.00,99
1998,2,7,21,10,.04,01,-.48,01,-.77,01,9900.00,99,9900.00,99
1998,2,7,21,15,.05,01,-.39,01,-.74,01,9900.00,99,9900.00,99
1998,2,7,21,20,.05,01,-.34,01,-.72,01,9900.00,99,9900.00,99
1998,2,7,21,25,.04,01,-.35,01,-.68,01,9900.00,99,9900.00,99
1998,2,7,21,30,.06,01,-.42,01,-.67,01,9900.00,99,9900.00,99
1998,2,7,21,35,.02,01,-.42,01,-.74,01,9900.00,99,9900.00,99
1998,2,7,21,40,.02,01,-.46,01,-.79,01,9900.00,99,9900.00,99
1998,2,7,21,45,.02,01,-.41,01,-.79,01,9900.00,99,9900.00,99
1998,2,7,21,50,.05,01,-.42,01,-.78,01,9900.00,99,9900.00,99
1998,2,7,21,55,.05,01,-.39,01,-.77,01,9900.00,99,9900.00,99
1998,2,7,22,0,.01,01,-.32,01,-.79,01,9900.00,99,9900.00,99
1998,2,7,22,5,.02,01,-.30,01,-.79,01,9900.00,99,9900.00,99
1998,2,7,22,10,.05,01,-.38,01,-.79,01,9900.00,99,9900.00,99
1998,2,7,22,15,.01,01,-.41,01,-.79,01,9900.00,99,9900.00,99
1998,2,7,22,20,-.01,01,-.41,01,-.79,01,9900.00,99,9900.00,99
1998,2,7,22,25,-.02,01,-.46,01,-.79,01,9900.00,99,9900.00,99
1998,2,7,22,30,-.04,01,-.50,01,-.79,01,9900.00,99,9900.00,99
1998,2,7,22,35,-.04,01,-.43,01,-.79,01,9900.00,99,9900.00,99
1998,2,7,22,40,-.02,01,-.50,01,-.79,01,9900.00,99,9900.00,99
1998,2,7,22,45,-.02,01,-.48,01,-.79,01,9900.00,99,9900.00,99
1998,2,7,22,50,0.00,01,-.42,01,-.77,01,9900.00,99,9900.00,99
1998,2,7,22,55,-.02,01,-.44,01,-.79,01,9900.00,99,9900.00,99
1998,2,7,23,0,-.06,01,-.33,01,-.80,01,9900.00,99,9900.00,99
1998,2,7,23,5,-.03,01,-.26,01,-.79,01,9900.00,99,9900.00,99
1998,2,7,23,10,0.00,01,-.21,01,-.79,01,9900.00,99,9900.00,99
1998,2,7,23,15,0.00,01,-.23,01,-.79,01,9900.00,99,9900.00,99
1998,2,7,23,20,.01,01,-.23,01,-.80,01,9900.00,99,9900.00,99
1998,2,7,23,25,0.00,01,-.24,01,-.80,01,9900.00,99,9900.00,99
1998,2,7,23,30,.01,01,-.23,01,-.79,01,9900.00,99,9900.00,99
1998,2,7,23,35,.02,01,-.24,01,-.80,01,9900.00,99,9900.00,99
1998,2,7,23,40,.01,01,-.26,01,-.79,01,9900.00,99,9900.00,99
1998,2,7,23,45,-.04,01,-.28,01,-.89,01,9900.00,99,9900.00,99
1998,2,7,23,50,0.00,01,-.33,01,-.95,01,9900.00,99,9900.00,99
1998,2,7,23,55,-.02,01,-.31,01,-.89,01,9900.00,99,9900.00,99
1998,2,8,0,0,-.04,01,-.37,01,-1.00,01,9900.00,99,9900.00,99
1998,2,8,0,5,-.10,01,-.36,01,-1.15,01,9900.00,99,9900.00,99
1998,2,8,0,10,-.44,01,-.43,01,-1.19,01,9900.00,99,9900.00,99
1998,2,8,0,15,-.34,01,-.37,01,-1.19,01,9900.00,99,9900.00,99
1998,2,8,0,20,-.18,01,-.36,01,-1.19,01,9900.00,99,9900.00,99
1998,2,8,0,25,-.20,01,-.31,01,-1.17,01,9900.00,99,9900.00,99
1998,2,8,0,30,-.28,01,-.35,01,-1.17,01,9900.00,99,9900.00,99
1998,2,8,0,35,-.16,01,-.39,01,-1.17,01,9900.00,99,9900.00,99
1998,2,8,0,40,-.17,01,-.37,01,-1.15,01,9900.00,99,9900.00,99
1998,2,8,0,45,-.21,01,-.41,01,-1.16,01,9900.00,99,9900.00,99
1998,2,8,0,50,-.26,01,-.46,01,-1.19,01,9900.00,99,9900.00,99
1998,2,8,0,55,-.23,01,-.47,01,-1.17,01,9900.00,99,9900.00,99
1998,2,8,1,0,-.32,01,-.43,01,-1.17,01,9900.00,99,9900.00,99
1998,2,8,1,5,-.26,01,-.37,01,-1.19,01,9900.00,99,9900.00,99
1998,2,8,1,10,-.21,01,-.37,01,-1.18,01,9900.00,99,9900.00,99
1998,2,8,1,15,-.26,01,-.42,01,-1.17,01,9900.00,99,9900.00,99
1998,2,8,1,20,-.35,01,-.39,01,-1.19,01,9900.00,99,9900.00,99
1998,2,8,1,25,-.54,01,-.34,01,-1.19,01,9900.00,99,9900.00,99
1998,2,8,1,30,-.70,01,-.41,01,-1.24,01,9900.00,99,9900.00,99
1998,2,8,1,35,-.72,01,-.37,01,-1.23,01,9900.00,99,9900.00,99
1998,2,8,1,40,-.66,01,-.42,01,-1.19,01,9900.00,99,9900.00,99
1998,2,8,1,45,-.66,01,-.42,01,-1.19,01,9900.00,99,9900.00,99
1998,2,8,1,50,-.69,01,-.44,01,-1.26,01,9900.00,99,9900.00,99
1998,2,8,1,55,-.77,01,-.45,01,-1.39,01,9900.00,99,9900.00,99
1998,2,8,2,0,-.94,01,-.51,01,-1.68,01,9900.00,99,9900.00,99
1998,2,8,2,5,-1.23,01,-.60,01,-1.93,01,9900.00,99,9900.00,99
1998,2,8,2,10,-1.13,01,-.72,01,-1.77,01,9900.00,99,9900.00,99
1998,2,8,2,15,-.99,01,-.41,01,-1.46,01,9900.00,99,9900.00,99
1998,2,8,2,20,-.79,01,-.33,01,-1.32,01,9900.00,99,9900.00,99
1998,2,8,2,25,-.66,01,-.24,01,-1.21,01,9900.00,99,9900.00,99
1998,2,8,2,30,-.62,01,-.26,01,-1.19,01,9900.00,99,9900.00,99
1998,2,8,2,35,-.62,01,-.28,01,-1.19,01,9900.00,99,9900.00,99
1998,2,8,2,40,-.65,01,-.23,01,-1.19,01,9900.00,99,9900.00,99
1998,2,8,2,45,-.70,01,-.19,01,-1.20,01,9900.00,99,9900.00,99
1998,2,8,2,50,-.72,01,-.18,01,-1.23,01,9900.00,99,9900.00,99
1998,2,8,2,55,-.72,01,-.35,01,-1.29,01,9900.00,99,9900.00,99
1998,2,8,3,0,-.72,01,-.37,01,-1.34,01,9900.00,99,9900.00,99
1998,2,8,3,5,-.95,01,-.34,01,-1.66,01,9900.00,99,9900.00,99
1998,2,8,3,10,-1.07,01,-.35,01,-1.77,01,9900.00,99,9900.00,99
1998,2,8,3,15,-.77,01,-.30,01,-1.25,01,9900.00,99,9900.00,99
1998,2,8,3,20,-.70,01,-.30,01,-1.19,01,9900.00,99,9900.00,99
1998,2,8,3,25,-.66,01,-.26,01,-1.19,01,9900.00,99,9900.00,99
1998,2,8,3,30,-.65,01,-.17,01,-1.19,01,9900.00,99,9900.00,99
1998,2,8,3,35,-.69,01,-.28,01,-1.19,01,9900.00,99,9900.00,99
1998,2,8,3,40,-.70,01,-.33,01,-1.19,01,9900.00,99,9900.00,99
1998,2,8,3,45,-.77,01,-.35,01,-1.19,01,9900.00,99,9900.00,99
1998,2,8,3,50,-1.36,01,-.44,01,-1.64,01,9900.00,99,9900.00,99
1998,2,8,3,55,-2.00,01,-.47,01,-2.29,01,9900.00,99,9900.00,99
1998,2,8,4,0,-2.18,01,-.41,01,-2.36,01,9900.00,99,9900.00,99
1998,2,8,4,5,-2.18,01,-.44,01,-2.29,01,9900.00,99,9900.00,99
1998,2,8,4,10,-1.91,01,-.41,01,-1.92,01,9900.00,99,9900.00,99
1998,2,8,4,15,-1.30,01,-.40,01,-1.27,01,9900.00,99,9900.00,99
1998,2,8,4,20,-1.09,01,-.36,01,-1.19,01,9900.00,99,9900.00,99
1998,2,8,4,25,-1.10,01,-.38,01,-1.18,01,9900.00,99,9900.00,99
1998,2,8,4,30,-1.10,01,-.38,01,-1.19,01,9900.00,99,9900.00,99
1998,2,8,4,35,-1.13,01,-.37,01,-1.19,01,9900.00,99,9900.00,99
1998,2,8,4,40,-1.19,01,-.30,01,-1.19,01,9900.00,99,9900.00,99
1998,2,8,4,45,-1.15,01,-.30,01,-1.19,01,9900.00,99,9900.00,99
1998,2,8,4,50,-1.12,01,-.36,01,-1.19,01,9900.00,99,9900.00,99
1998,2,8,4,55,-1.12,01,-.39,01,-1.19,01,9900.00,99,9900.00,99
1998,2,8,5,0,-1.08,01,-.39,01,-1.18,01,9900.00,99,9900.00,99
1998,2,8,5,5,-1.01,01,-.37,01,-1.19,01,9900.00,99,9900.00,99
1998,2,8,5,10,-1.07,01,-.35,01,-1.18,01,9900.00,99,9900.00,99
1998,2,8,5,15,-1.08,01,-.37,01,-1.19,01,9900.00,99,9900.00,99
1998,2,8,5,20,-1.09,01,-.38,01,-1.17,01,9900.00,99,9900.00,99
1998,2,8,5,25,-1.12,01,-.39,01,-1.17,01,9900.00,99,9900.00,99
1998,2,8,5,30,-1.15,01,-.39,01,-1.17,01,9900.00,99,9900.00,99
1998,2,8,5,35,-1.16,01,-.38,01,-1.16,01,9900.00,99,9900.00,99
1998,2,8,5,40,-1.36,01,-.32,01,-1.19,01,9900.00,99,9900.00,99
1998,2,8,5,45,-1.42,01,-.32,01,-1.19,01,9900.00,99,9900.00,99
1998,2,8,5,50,-1.50,01,-.35,01,-1.19,01,9900.00,99,9900.00,99
1998,2,8,5,55,-1.42,01,-.31,01,-1.19,01,9900.00,99,9900.00,99
1998,2,8,6,0,-1.35,01,-.30,01,-1.18,01,9900.00,99,9900.00,99
1998,2,8,6,5,-1.19,01,-.28,01,-1.15,01,9900.00,99,9900.00,99
1998,2,8,6,10,-1.09,01,-.21,01,-1.14,01,9900.00,99,9900.00,99
1998,2,8,6,15,-1.06,01,-.31,01,-1.15,01,9900.00,99,9900.00,99
1998,2,8,6,20,-1.07,01,-.30,01,-1.15,01,9900.00,99,9900.00,99
1998,2,8,6,25,-1.10,01,-.36,01,-1.19,01,9900.00,99,9900.00,99
1998,2,8,6,30,-1.08,01,-.37,01,-1.17,01,9900.00,99,9900.00,99
1998,2,8,6,35,-1.18,01,-.34,01,-1.19,01,9900.00,99,9900.00,99
1998,2,8,6,40,-1.44,01,-.29,01,-1.21,01,9900.00,99,9900.00,99
1998,2,8,6,45,-1.35,01,-.32,01,-1.19,01,9900.00,99,9900.00,99
1998,2,8,6,50,-1.18,01,-.37,01,-1.19,01,9900.00,99,9900.00,99
1998,2,8,6,55,-1.18,01,-.41,01,-1.19,01,9900.00,99,9900.00,99
1998,2,8,7,0,-1.13,01,-.53,01,-1.19,01,9900.00,99,9900.00,99
1998,2,8,7,5,-1.01,01,-.53,01,-1.05,01,9900.00,99,9900.00,99
1998,2,8,7,10,-.62,01,-.56,01,-.77,01,9900.00,99,9900.00,99
1998,2,8,7,15,.03,01,-.57,01,-.12,01,9900.00,99,9900.00,99
1998,2,8,7,20,.91,01,-.59,01,.84,01,9900.00,99,9900.00,99
1998,2,8,7,25,2.18,01,-.48,01,1.95,01,9900.00,99,9900.00,99
1998,2,8,7,30,3.46,01,-.47,01,3.44,01,9900.00,99,9900.00,99
1998,2,8,7,35,5.99,01,-.36,01,5.76,01,9900.00,99,9900.00,99
1998,2,8,7,40,8.97,01,-.30,01,8.93,01,9900.00,99,9900.00,99
1998,2,8,7,45,12.59,01,-.21,01,12.30,01,9900.00,99,9900.00,99
1998,2,8,7,50,16.05,01,-.20,01,15.72,01,9900.00,99,9900.00,99
1998,2,8,7,55,19.68,01,-.33,01,19.32,01,9900.00,99,9900.00,99
1998,2,8,8,0,23.32,01,-.44,01,22.82,01,9900.00,99,9900.00,99
1998,2,8,8,5,30.39,01,-.51,01,29.78,01,9900.00,99,9900.00,99
1998,2,8,8,10,35.12,01,-.62,01,32.41,01,9900.00,99,9900.00,99
1998,2,8,8,15,38.23,01,-.59,01,34.52,01,9900.00,99,9900.00,99
1998,2,8,8,20,45.17,01,-.46,01,44.82,01,9900.00,99,9900.00,99
1998,2,8,8,25,45.31,03,-.41,03,44.36,03,9900.00,99,9900.00,99
1998,2,8,8,30,54.73,03,-.26,03,52.58,03,9900.00,99,9900.00,99
1998,2,8,8,35,66.55,03,-.15,03,64.00,03,9900.00,99,9900.00,99
1998,2,8,8,40,66.32,03,-.52,03,64.00,03,9900.00,99,9900.00,99
1998,2,8,8,45,72.62,03,-.66,03,71.39,03,9900.00,99,9900.00,99
1998,2,8,8,50,74.55,03,-.73,03,73.53,03,9900.00,99,9900.00,99
1998,2,8,8,55,72.83,03,-.69,03,71.40,03,9900.00,99,9900.00,99
1998,2,8,9,0,93.95,03,-.47,03,90.40,03,9900.00,99,9900.00,99
1998,2,8,9,5,94.68,03,-.21,03,90.98,03,9900.00,99,9900.00,99
1998,2,8,9,10,108.90,03,-.01,03,107.08,03,9900.00,99,9900.00,99
1998,2,8,9,15,129.25,11,-.01,10,116.79,10,9900.00,99,9900.00,99
1998,2,8,9,20,122.03,03,-.24,03,110.79,03,9900.00,99,9900.00,99
1998,2,8,9,25,112.18,03,-.44,03,101.49,03,9900.00,99,9900.00,99
1998,2,8,9,30,111.51,03,-.23,03,101.30,03,9900.00,99,9900.00,99
1998,2,8,9,35,126.31,03,0.00,03,114.37,03,9900.00,99,9900.00,99
1998,2,8,9,40,160.57,11,-.17,10,144.03,10,9900.00,99,9900.00,99
1998,2,8,9,45,189.44,03,-.72,03,187.63,03,9900.00,99,9900.00,99
1998,2,8,9,50,206.94,11,-.88,10,186.83,10,9900.00,99,9900.00,99
1998,2,8,9,55,204.38,15,-.87,14,183.78,14,9900.00,99,9900.00,99
1998,2,8,10,0,202.09,03,-.83,03,197.05,03,9900.00,99,9900.00,99
1998,2,8,10,5,248.25,03,-.20,03,247.78,03,9900.00,99,9900.00,99
1998,2,8,10,10,226.78,03,-.50,03,214.59,03,9900.00,99,9900.00,99
1998,2,8,10,15,202.81,03,-.83,03,190.07,03,9900.00,99,9900.00,99
1998,2,8,10,20,186.91,03,-1.44,03,172.33,03,9900.00,99,9900.00,99
1998,2,8,10,25,192.45,03,-1.27,03,182.59,03,9900.00,99,9900.00,99
1998,2,8,10,30,229.54,03,-1.18,03,215.15,03,9900.00,99,9900.00,99
1998,2,8,10,35,250.38,03,-.95,03,235.24,03,9900.00,99,9900.00,99
1998,2,8,10,40,271.35,03,-.75,03,259.18,03,9900.00,99,9900.00,99
1998,2,8,10,45,261.53,03,-.15,03,249.12,03,9900.00,99,9900.00,99
1998,2,8,10,50,259.31,03,0.00,03,242.60,03,9900.00,99,9900.00,99
1998,2,8,10,55,324.90,15,.22,14,299.97,14,9900.00,99,9900.00,99
1998,2,8,11,0,349.89,11,.14,10,325.86,10,9900.00,99,9900.00,99
1998,2,8,11,5,368.40,15,-.19,14,337.56,14,9900.00,99,9900.00,99
1998,2,8,11,10,407.11,19,-.74,18,369.63,18,9900.00,99,9900.00,99
1998,2,8,11,15,404.45,27,-.31,26,354.53,26,9900.00,99,9900.00,99
1998,2,8,11,20,485.46,35,.24,34,414.44,34,9900.00,99,9900.00,99
1998,2,8,11,25,519.67,55,.35,54,404.83,54,9900.00,99,9900.00,99
1998,2,8,11,30,450.14,39,-.21,38,369.15,38,9900.00,99,9900.00,99
1998,2,8,11,35,421.63,31,-1.04,30,353.53,30,9900.00,99,9900.00,99
1998,2,8,11,40,373.75,31,-1.85,30,310.94,30,9900.00,99,9900.00,99
1998,2,8,11,45,401.43,47,-2.15,46,307.49,46,9900.00,99,9900.00,99
1998,2,8,11,50,384.97,27,-2.36,26,320.72,26,9900.00,99,9900.00,99
1998,2,8,11,55,402.36,35,-2.19,34,322.08,34,9900.00,99,9900.00,99
1998,2,8,12,0,397.80,31,-1.60,30,329.33,30,9900.00,99,9900.00,99
1998,2,8,12,5,421.64,35,-.96,34,348.54,34,9900.00,99,9900.00,99
1998,2,8,12,10,426.88,39,-.56,38,342.16,38,9900.00,99,9900.00,99
1998,2,8,12,15,482.43,91,-.19,90,283.50,90,9900.00,99,9900.00,99
1998,2,8,12,20,714.31,91,.85,90,209.54,90,9900.00,99,9900.00,99
1998,2,8,12,25,747.36,91,.77,90,212.79,90,9900.00,99,9900.00,99
1998,2,8,12,30,765.24,91,1.24,90,213.49,90,9900.00,99,9900.00,99
1998,2,8,12,35,748.88,91,.51,90,207.05,90,9900.00,99,9900.00,99
1998,2,8,12,40,724.93,91,-.63,90,204.87,90,9900.00,99,9900.00,99
1998,2,8,12,45,701.20,91,-1.43,90,145.97,90,9900.00,99,9900.00,99
1998,2,8,12,50,676.60,91,-1.82,90,117.76,90,9900.00,99,9900.00,99
1998,2,8,12,55,670.33,91,-1.60,90,109.30,90,9900.00,99,9900.00,99
1998,2,8,13,0,655.24,91,-1.97,90,98.29,90,9900.00,99,9900.00,99
1998,2,8,13,5,643.14,91,-2.12,90,95.06,90,9900.00,99,9900.00,99
1998,2,8,13,10,655.77,91,-1.50,90,100.68,90,9900.00,99,9900.00,99
1998,2,8,13,15,659.38,91,-1.76,90,109.49,90,9900.00,99,9900.00,99
1998,2,8,13,20,644.98,91,-1.30,90,99.42,90,9900.00,99,9900.00,99
1998,2,8,13,25,635.45,91,-1.76,90,100.61,90,9900.00,99,9900.00,99
1998,2,8,13,30,636.79,91,-1.51,90,109.32,90,9900.00,99,9900.00,99
1998,2,8,13,35,644.58,91,-2.36,90,127.08,90,9900.00,99,9900.00,99
1998,2,8,13,40,613.07,91,-2.93,90,105.65,90,9900.00,99,9900.00,99
1998,2,8,13,45,611.09,91,-3.36,90,96.09,90,9900.00,99,9900.00,99
1998,2,8,13,50,609.71,91,-3.44,90,97.62,90,9900.00,99,9900.00,99
1998,2,8,13,55,594.89,91,-2.99,90,85.11,90,9900.00,99,9900.00,99
1998,2,8,14,0,580.80,91,-3.31,90,80.41,90,9900.00,99,9900.00,99
1998,2,8,14,5,579.15,91,-3.22,90,79.07,90,9900.00,99,9900.00,99
1998,2,8,14,10,543.04,91,-3.11,90,79.00,90,9900.00,99,9900.00,99
1998,2,8,14,15,552.38,91,-2.97,90,78.41,90,9900.00,99,9900.00,99
1998,2,8,14,20,551.49,91,-2.66,90,77.46,90,9900.00,99,9900.00,99
1998,2,8,14,25,539.34,91,-3.01,90,75.46,90,9900.00,99,9900.00,99
1998,2,8,14,30,531.17,91,-3.27,90,76.18,90,9900.00,99,9900.00,99
1998,2,8,14,35,521.29,91,-2.86,90,78.20,90,9900.00,99,9900.00,99
1998,2,8,14,40,507.54,91,-3.02,90,76.59,90,9900.00,99,9900.00,99
1998,2,8,14,45,495.74,91,-3.34,90,78.24,90,9900.00,99,9900.00,99
1998,2,8,14,50,481.41,91,-3.20,90,83.50,90,9900.00,99,9900.00,99
1998,2,8,14,55,478.22,91,-3.07,90,77.94,90,9900.00,99,9900.00,99
1998,2,8,15,0,485.30,91,-3.27,90,76.77,90,9900.00,99,9900.00,99
1998,2,8,15,5,428.15,91,-3.13,90,74.54,90,9900.00,99,9900.00,99
1998,2,8,15,10,293.02,91,-3.15,90,71.49,90,9900.00,99,9900.00,99
1998,2,8,15,15,202.60,75,-3.36,74,87.53,74,9900.00,99,9900.00,99
1998,2,8,15,20,187.11,39,-2.99,38,124.97,38,9900.00,99,9900.00,99
1998,2,8,15,25,208.82,43,-2.55,42,143.28,42,9900.00,99,9900.00,99
1998,2,8,15,30,294.79,91,-2.28,90,161.04,90,9900.00,99,9900.00,99
1998,2,8,15,35,408.44,91,-1.74,90,191.26,90,9900.00,99,9900.00,99
1998,2,8,15,40,454.38,91,-1.59,90,189.90,90,9900.00,99,9900.00,99
1998,2,8,15,45,468.14,91,-2.03,90,184.66,90,9900.00,99,9900.00,99
1998,2,8,15,50,443.71,91,-2.37,90,177.55,90,9900.00,99,9900.00,99
1998,2,8,15,55,437.00,91,-2.68,90,180.36,90,9900.00,99,9900.00,99
1998,2,8,16,0,422.15,91,-2.66,90,176.96,90,9900.00,99,9900.00,99
1998,2,8,16,5,364.50,91,-3.11,90,167.19,90,9900.00,99,9900.00,99
1998,2,8,16,10,239.39,79,-3.18,78,153.83,78,9900.00,99,9900.00,99
1998,2,8,16,15,195.86,43,-3.04,42,150.06,42,9900.00,99,9900.00,99
1998,2,8,16,20,179.05,43,-2.71,42,134.57,42,9900.00,99,9900.00,99
1998,2,8,16,25,197.96,79,-2.57,78,123.03,78,9900.00,99,9900.00,99
1998,2,8,16,30,202.04,87,-2.36,86,122.82,86,9900.00,99,9900.00,99
1998,2,8,16,35,220.64,91,-2.12,90,120.12,90,9900.00,99,9900.00,99
1998,2,8,16,40,164.05,63,-2.30,62,112.13,62,9900.00,99,9900.00,99
1998,2,8,16,45,121.26,23,-2.26,22,103.60,22,9900.00,99,9900.00,99
1998,2,8,16,50,98.44,03,-2.24,03,94.12,03,9900.00,99,9900.00,99
1998,2,8,16,55,93.57,03,-2.02,03,90.96,03,9900.00,99,9900.00,99
1998,2,8,17,0,77.85,01,-1.72,01,77.52,01,9900.00,99,9900.00,99
1998,2,8,17,5,64.98,01,-1.31,01,58.13,01,9900.00,99,9900.00,99
1998,2,8,17,10,56.09,01,-1.17,01,55.73,01,9900.00,99,9900.00,99
1998,2,8,17,15,45.55,01,-1.15,01,41.42,01,9900.00,99,9900.00,99
1998,2,8,17,20,37.65,01,-1.12,01,34.30,01,9900.00,99,9900.00,99
1998,2,8,17,25,29.70,01,-1.00,01,27.20,01,9900.00,99,9900.00,99
1998,2,8,17,30,23.21,01,-.91,01,21.10,01,9900.00,99,9900.00,99
1998,2,8,17,35,17.18,01,-.80,01,16.98,01,9900.00,99,9900.00,99
1998,2,8,17,40,12.14,01,-.78,01,11.60,01,9900.00,99,9900.00,99
1998,2,8,17,45,7.95,01,-.78,01,7.39,01,9900.00,99,9900.00,99
1998,2,8,17,50,4.67,01,-.78,01,3.67,01,9900.00,99,9900.00,99
1998,2,8,17,55,2.74,01,-.78,01,1.52,01,9900.00,99,9900.00,99
1998,2,8,18,0,1.24,01,-.75,01,0.00,01,9900.00,99,9900.00,99
1998,2,8,18,5,.33,01,-.69,01,-.96,01,9900.00,99,9900.00,99
1998,2,8,18,10,-.52,01,-.70,01,-1.67,01,9900.00,99,9900.00,99
1998,2,8,18,15,-.86,01,-.75,01,-2.19,01,9900.00,99,9900.00,99
1998,2,8,18,20,-1.60,01,-.78,01,-2.79,01,9900.00,99,9900.00,99
1998,2,8,18,25,-2.06,01,-.78,01,-3.03,01,9900.00,99,9900.00,99
1998,2,8,18,30,-2.20,01,-.80,01,-3.18,01,9900.00,99,9900.00,99
1998,2,8,18,35,-2.23,01,-.79,01,-3.18,01,9900.00,99,9900.00,99
1998,2,8,18,40,-2.13,01,-.78,01,-2.96,01,9900.00,99,9900.00,99
1998,2,8,18,45,-2.21,01,-.77,01,-2.94,01,9900.00,99,9900.00,99
1998,2,8,18,50,-2.89,01,-.78,01,-3.23,01,9900.00,99,9900.00,99
1998,2,8,18,55,-2.74,01,-.78,01,-3.19,01,9900.00,99,9900.00,99
1998,2,8,19,0,-2.06,01,-.73,01,-2.91,01,9900.00,99,9900.00,99
1998,2,8,19,5,-1.57,01,-.62,01,-2.59,01,9900.00,99,9900.00,99
1998,2,8,19,10,-1.16,01,-.53,01,-2.07,01,9900.00,99,9900.00,99
1998,2,8,19,15,-1.51,01,-.68,01,-2.37,01,9900.00,99,9900.00,99
1998,2,8,19,20,-2.18,01,-.75,01,-2.84,01,9900.00,99,9900.00,99
1998,2,8,19,25,-2.12,01,-.77,01,-2.80,01,9900.00,99,9900.00,99
1998,2,8,19,30,-1.65,01,-.71,01,-2.56,01,9900.00,99,9900.00,99
1998,2,8,19,35,-1.92,01,-.65,01,-2.56,01,9900.00,99,9900.00,99
1998,2,8,19,40,-2.16,01,-.64,01,-2.79,01,9900.00,99,9900.00,99
1998,2,8,19,45,-2.19,01,-.77,01,-2.80,01,9900.00,99,9900.00,99
1998,2,8,19,50,-2.07,01,-.73,01,-2.74,01,9900.00,99,9900.00,99
1998,2,8,19,55,-1.90,01,-.71,01,-2.58,01,9900.00,99,9900.00,99
1998,2,8,20,0,-1.63,01,-.75,01,-2.39,01,9900.00,99,9900.00,99
1998,2,8,20,5,-1.79,01,-.69,01,-2.58,01,9900.00,99,9900.00,99
1998,2,8,20,10,-1.45,01,-.60,01,-2.19,01,9900.00,99,9900.00,99
1998,2,8,20,15,-1.18,01,-.51,01,-1.99,01,9900.00,99,9900.00,99
1998,2,8,20,20,-1.18,01,-.47,01,-1.99,01,9900.00,99,9900.00,99
1998,2,8,20,25,-1.63,01,-.62,01,-2.31,01,9900.00,99,9900.00,99
1998,2,8,20,30,-2.18,01,-.77,01,-2.76,01,9900.00,99,9900.00,99
1998,2,8,20,35,-2.22,01,-.78,01,-2.80,01,9900.00,99,9900.00,99
1998,2,8,20,40,-2.18,01,-.74,01,-2.77,01,9900.00,99,9900.00,99
1998,2,8,20,45,-2.24,01,-.76,01,-2.81,01,9900.00,99,9900.00,99
1998,2,8,20,50,-2.65,01,-.76,01,-3.16,01,9900.00,99,9900.00,99
1998,2,8,20,55,-2.47,01,-.73,01,-3.10,01,9900.00,99,9900.00,99
1998,2,8,21,0,-2.32,01,-.75,01,-2.93,01,9900.00,99,9900.00,99
1998,2,8,21,5,-2.69,01,-.76,01,-3.11,01,9900.00,99,9900.00,99
1998,2,8,21,10,-2.51,01,-.77,01,-3.04,01,9900.00,99,9900.00,99
1998,2,8,21,15,-2.38,01,-.77,01,-2.99,01,9900.00,99,9900.00,99
1998,2,8,21,20,-2.37,01,-.75,01,-2.89,01,9900.00,99,9900.00,99
1998,2,8,21,25,-1.80,01,-.68,01,-2.37,01,9900.00,99,9900.00,99
1998,2,8,21,30,-1.49,01,-.68,01,-1.87,01,9900.00,99,9900.00,99
1998,2,8,21,35,-1.29,01,-.59,01,-1.48,01,9900.00,99,9900.00,99
1998,2,8,21,40,-1.21,01,-.59,01,-1.47,01,9900.00,99,9900.00,99
1998,2,8,21,45,-1.05,01,-.56,01,-1.30,01,9900.00,99,9900.00,99
1998,2,8,21,50,-1.04,01,-.53,01,-1.27,01,9900.00,99,9900.00,99
1998,2,8,21,55,-.98,01,-.46,01,-1.27,01,9900.00,99,9900.00,99
1998,2,8,22,0,-1.09,01,-.47,01,-1.40,01,9900.00,99,9900.00,99
1998,2,8,22,5,-1.16,01,-.47,01,-1.81,01,9900.00,99,9900.00,99
1998,2,8,22,10,-1.18,01,-.46,01,-1.89,01,9900.00,99,9900.00,99
1998,2,8,22,15,-1.24,01,-.50,01,-1.92,01,9900.00,99,9900.00,99
1998,2,8,22,20,-1.35,01,-.59,01,-1.88,01,9900.00,99,9900.00,99
1998,2,8,22,25,-1.17,01,-.60,01,-1.76,01,9900.00,99,9900.00,99
1998,2,8,22,30,-1.05,01,-.53,01,-1.68,01,9900.00,99,9900.00,99
1998,2,8,22,35,-.91,01,-.51,01,-1.41,01,9900.00,99,9900.00,99
1998,2,8,22,40,-.79,01,-.51,01,-1.24,01,9900.00,99,9900.00,99
1998,2,8,22,45,-.74,01,-.40,01,-1.19,01,9900.00,99,9900.00,99
1998,2,8,22,50,-.74,01,-.41,01,-1.19,01,9900.00,99,9900.00,99
1998,2,8,22,55,-.90,01,-.46,01,-1.24,01,9900.00,99,9900.00,99
1998,2,8,23,0,-.98,01,-.54,01,-1.36,01,9900.00,99,9900.00,99
1998,2,8,23,5,-1.30,01,-.62,01,-1.88,01,9900.00,99,9900.00,99
1998,2,8,23,10,-1.94,01,-.73,01,-2.57,01,9900.00,99,9900.00,99
1998,2,8,23,15,-2.59,01,-.77,01,-2.93,01,9900.00,99,9900.00,99
1998,2,8,23,20,-2.86,01,-.77,01,-3.18,01,9900.00,99,9900.00,99
1998,2,8,23,25,-2.93,01,-.78,01,-3.27,01,9900.00,99,9900.00,99
1998,2,8,23,30,-2.93,01,-.77,01,-3.47,01,9900.00,99,9900.00,99
1998,2,8,23,35,-3.41,01,-.79,01,-3.88,01,9900.00,99,9900.00,99
1998,2,8,23,40,-3.63,01,-.78,01,-4.13,01,9900.00,99,9900.00,99
1998,2,8,23,45,-3.54,01,-.77,01,-4.07,01,9900.00,99,9900.00,99
1998,2,8,23,50,-3.91,01,-.76,01,-4.36,01,9900.00,99,9900.00,99
1998,2,8,23,55,-4.00,01,-.77,01,-4.34,01,9900.00,99,9900.00,99
1998,2,9,0,0,-4.21,01,-.80,01,-4.58,01,9900.00,99,9900.00,99
1998,2,9,0,5,-4.69,01,-.82,01,-4.95,01,9900.00,99,9900.00,99
1998,2,9,0,10,-4.80,01,-.78,01,-5.06,01,9900.00,99,9900.00,99
1998,2,9,0,15,-4.42,01,-.78,01,-4.67,01,9900.00,99,9900.00,99
1998,2,9,0,20,-4.25,01,-.77,01,-4.37,01,9900.00,99,9900.00,99
1998,2,9,0,25,-4.33,01,-.77,01,-4.51,01,9900.00,99,9900.00,99
1998,2,9,0,30,-3.97,01,-.71,01,-4.16,01,9900.00,99,9900.00,99
1998,2,9,0,35,-3.70,01,-.66,01,-3.94,01,9900.00,99,9900.00,99
1998,2,9,0,40,-3.72,01,-.70,01,-3.95,01,9900.00,99,9900.00,99
1998,2,9,0,45,-3.69,01,-.54,01,-3.87,01,9900.00,99,9900.00,99
1998,2,9,0,50,-3.67,01,-.41,01,-3.98,01,9900.00,99,9900.00,99
1998,2,9,0,55,-3.96,01,-.59,01,-4.25,01,9900.00,99,9900.00,99
1998,2,9,1,0,-3.91,01,-.46,01,-4.32,01,9900.00,99,9900.00,99
1998,2,9,1,5,-3.83,01,-.46,01,-4.06,01,9900.00,99,9900.00,99
1998,2,9,1,10,-2.93,01,-.46,01,-3.20,01,9900.00,99,9900.00,99
1998,2,9,1,15,-2.71,01,-.24,01,-2.91,01,9900.00,99,9900.00,99
1998,2,9,1,20,-1.96,01,-.12,01,-2.36,01,9900.00,99,9900.00,99
1998,2,9,1,25,-1.06,01,-.05,01,-1.38,01,9900.00,99,9900.00,99
1998,2,9,1,30,-.77,01,-.07,01,-1.19,01,9900.00,99,9900.00,99
1998,2,9,1,35,-.73,01,-.06,01,-1.16,01,9900.00,99,9900.00,99
1998,2,9,1,40,-.46,01,-.12,01,-1.02,01,9900.00,99,9900.00,99
1998,2,9,1,45,-.43,01,-.17,01,-.97,01,9900.00,99,9900.00,99
1998,2,9,1,50,-.48,01,-.11,01,-1.06,01,9900.00,99,9900.00,99
1998,2,9,1,55,-.05,01,-.10,01,-.65,01,9900.00,99,9900.00,99
1998,2,9,2,0,0.00,01,-.03,01,-.66,01,9900.00,99,9900.00,99
1998,2,9,2,5,.01,01,-.03,01,-.63,01,9900.00,99,9900.00,99
1998,2,9,2,10,.01,01,-.01,01,-.62,01,9900.00,99,9900.00,99
1998,2,9,2,15,0.00,01,-.06,01,-.68,01,9900.00,99,9900.00,99
1998,2,9,2,20,-.01,01,-.02,01,-.64,01,9900.00,99,9900.00,99
1998,2,9,2,25,.02,01,-.01,01,-.62,01,9900.00,99,9900.00,99
1998,2,9,2,30,-.01,01,-.03,01,-.72,01,9900.00,99,9900.00,99
1998,2,9,2,35,-.16,01,-.01,01,-.87,01,9900.00,99,9900.00,99
1998,2,9,2,40,-.56,01,-.11,01,-1.12,01,9900.00,99,9900.00,99
1998,2,9,2,45,-.65,01,-.19,01,-1.17,01,9900.00,99,9900.00,99
1998,2,9,2,50,-.39,01,-.16,01,-.97,01,9900.00,99,9900.00,99
1998,2,9,2,55,-.12,01,-.16,01,-.89,01,9900.00,99,9900.00,99
1998,2,9,3,0,-.43,01,-.13,01,-1.11,01,9900.00,99,9900.00,99
1998,2,9,3,5,-.43,01,-.11,01,-1.09,01,9900.00,99,9900.00,99
1998,2,9,3,10,-.12,01,-.06,01,-.85,01,9900.00,99,9900.00,99
1998,2,9,3,15,-.07,01,-.01,01,-.81,01,9900.00,99,9900.00,99
1998,2,9,3,20,-.10,01,.16,01,-1.01,01,9900.00,99,9900.00,99
1998,2,9,3,25,-.45,01,.47,01,-1.16,01,9900.00,99,9900.00,99
1998,2,9,3,30,-.79,01,.41,01,-1.78,01,9900.00,99,9900.00,99
1998,2,9,3,35,-1.08,01,.01,01,-2.05,01,9900.00,99,9900.00,99
1998,2,9,3,40,-1.02,01,-.21,01,-2.01,01,9900.00,99,9900.00,99
1998,2,9,3,45,-1.07,01,-.31,01,-2.01,01,9900.00,99,9900.00,99
1998,2,9,3,50,-.67,01,-.12,01,-1.38,01,9900.00,99,9900.00,99
1998,2,9,3,55,-.35,01,-.03,01,-1.17,01,9900.00,99,9900.00,99
1998,2,9,4,0,.15,01,-.01,01,-.81,01,9900.00,99,9900.00,99
1998,2,9,4,5,.37,01,-.23,01,-.94,01,9900.00,99,9900.00,99
1998,2,9,4,10,-.01,01,-.41,01,-1.19,01,9900.00,99,9900.00,99
1998,2,9,4,15,-.10,01,-.50,01,-1.21,01,9900.00,99,9900.00,99
1998,2,9,4,20,-.09,01,-.45,01,-1.19,01,9900.00,99,9900.00,99
1998,2,9,4,25,.35,01,-.20,01,-.99,01,9900.00,99,9900.00,99
1998,2,9,4,30,.27,01,-.17,01,-1.11,01,9900.00,99,9900.00,99
1998,2,9,4,35,.07,01,-.26,01,-1.19,01,9900.00,99,9900.00,99
1998,2,9,4,40,-.01,01,-.32,01,-1.19,01,9900.00,99,9900.00,99
1998,2,9,4,45,0.00,01,-.34,01,-1.19,01,9900.00,99,9900.00,99
1998,2,9,4,50,-.51,01,-.57,01,-1.68,01,9900.00,99,9900.00,99
1998,2,9,4,55,-.85,01,-.66,01,-2.11,01,9900.00,99,9900.00,99
1998,2,9,5,0,-1.09,01,-.64,01,-2.33,01,9900.00,99,9900.00,99
1998,2,9,5,5,-.91,01,-.63,01,-2.03,01,9900.00,99,9900.00,99
1998,2,9,5,10,-.34,01,-.24,01,-1.40,01,9900.00,99,9900.00,99
1998,2,9,5,15,.05,01,-.11,01,-1.17,01,9900.00,99,9900.00,99
1998,2,9,5,20,-.22,01,-.24,01,-1.29,01,9900.00,99,9900.00,99
1998,2,9,5,25,-.65,01,-.27,01,-1.80,01,9900.00,99,9900.00,99
1998,2,9,5,30,-.61,01,-.30,01,-1.72,01,9900.00,99,9900.00,99
1998,2,9,5,35,-.36,01,-.32,01,-1.36,01,9900.00,99,9900.00,99
1998,2,9,5,40,-.24,01,-.24,01,-1.32,01,9900.00,99,9900.00,99
1998,2,9,5,45,-.32,01,-.35,01,-1.33,01,9900.00,99,9900.00,99
1998,2,9,5,50,-.10,01,-.31,01,-1.21,01,9900.00,99,9900.00,99
1998,2,9,5,55,-.04,01,-.26,01,-1.19,01,9900.00,99,9900.00,99
1998,2,9,6,0,.01,01,-.19,01,-1.17,01,9900.00,99,9900.00,99
1998,2,9,6,5,.20,01,-.08,01,-1.04,01,9900.00,99,9900.00,99
1998,2,9,6,10,.02,01,-.17,01,-1.19,01,9900.00,99,9900.00,99
1998,2,9,6,15,.07,01,-.05,01,-1.18,01,9900.00,99,9900.00,99
1998,2,9,6,20,.12,01,-.04,01,-1.13,01,9900.00,99,9900.00,99
1998,2,9,6,25,-.02,01,-.21,01,-1.19,01,9900.00,99,9900.00,99
1998,2,9,6,30,-.28,01,-.39,01,-1.25,01,9900.00,99,9900.00,99
1998,2,9,6,35,-.52,01,-.47,01,-1.68,01,9900.00,99,9900.00,99
1998,2,9,6,40,-.63,01,-.46,01,-1.77,01,9900.00,99,9900.00,99
1998,2,9,6,45,-.43,01,-.38,01,-1.55,01,9900.00,99,9900.00,99
1998,2,9,6,50,-.68,01,-.42,01,-1.93,01,9900.00,99,9900.00,99
1998,2,9,6,55,-.65,01,-.45,01,-1.79,01,9900.00,99,9900.00,99
1998,2,9,7,0,-.43,01,-.47,01,-1.46,01,9900.00,99,9900.00,99
1998,2,9,7,5,-.28,01,-.44,01,-1.36,01,9900.00,99,9900.00,99
1998,2,9,7,10,.11,01,-.42,01,-1.11,01,9900.00,99,9900.00,99
1998,2,9,7,15,2.04,01,-.40,01,.65,01,9900.00,99,9900.00,99
1998,2,9,7,20,3.95,01,-.33,01,2.99,01,9900.00,99,9900.00,99
1998,2,9,7,25,5.38,01,-.35,01,4.13,08,9900.00,99,9900.00,99
1998,2,9,7,30,8.64,01,-.28,01,7.83,01,9900.00,99,9900.00,99
1998,2,9,7,35,13.89,01,-.42,01,13.01,01,9900.00,99,9900.00,99
1998,2,9,7,40,20.63,01,-.55,01,20.18,01,9900.00,99,9900.00,99
1998,2,9,7,45,29.95,01,-.33,01,29.94,01,9900.00,99,9900.00,99
1998,2,9,7,50,53.94,01,.05,01,41.12,01,9900.00,99,9900.00,99
1998,2,9,7,55,83.69,01,.78,01,52.18,01,9900.00,99,9900.00,99
1998,2,9,8,0,100.47,01,1.16,01,60.24,01,9900.00,99,9900.00,99
1998,2,9,8,5,113.50,01,1.16,01,62.61,01,9900.00,99,9900.00,99
1998,2,9,8,10,118.49,01,1.16,01,54.35,01,9900.00,99,9900.00,99
1998,2,9,8,15,119.34,01,1.19,01,41.10,01,9900.00,99,9900.00,99
1998,2,9,8,20,128.23,01,1.02,01,36.12,01,9900.00,99,9900.00,99
1998,2,9,8,25,140.54,91,.33,90,35.18,90,9900.00,99,9900.00,99
1998,2,9,8,30,155.62,91,.05,90,36.25,90,9900.00,99,9900.00,99
1998,2,9,8,35,171.52,91,-.46,90,38.29,90,9900.00,99,9900.00,99
1998,2,9,8,40,188.97,91,-.61,90,41.11,90,9900.00,99,9900.00,99
1998,2,9,8,45,211.37,91,-.62,90,45.94,90,9900.00,99,9900.00,99
1998,2,9,8,50,176.35,91,-1.63,90,57.24,90,9900.00,99,9900.00,99
1998,2,9,8,55,99.55,15,-2.75,14,83.16,14,9900.00,99,9900.00,99
1998,2,9,9,0,113.41,11,-3.26,10,101.15,10,9900.00,99,9900.00,99
1998,2,9,9,5,137.29,11,-3.07,10,126.76,10,9900.00,99,9900.00,99
1998,2,9,9,10,162.85,03,-2.28,03,161.81,03,9900.00,99,9900.00,99
1998,2,9,9,15,159.49,11,-1.47,10,144.48,10,9900.00,99,9900.00,99
1998,2,9,9,20,154.96,15,-1.36,14,138.58,14,9900.00,99,9900.00,99
1998,2,9,9,25,146.42,03,-1.55,03,146.10,03,9900.00,99,9900.00,99
1998,2,9,9,30,144.79,03,-1.60,03,144.10,03,9900.00,99,9900.00,99
1998,2,9,9,35,155.33,03,-1.54,03,149.43,03,9900.00,99,9900.00,99
1998,2,9,9,40,152.93,03,-1.26,03,140.12,03,9900.00,99,9900.00,99
1998,2,9,9,45,158.48,23,-1.04,22,126.00,22,9900.00,99,9900.00,99
1998,2,9,9,50,182.74,51,-.61,50,110.22,50,9900.00,99,9900.00,99
1998,2,9,9,55,290.29,91,-.32,90,90.58,90,9900.00,99,9900.00,99
1998,2,9,10,0,408.75,91,.24,90,77.08,90,9900.00,99,9900.00,99
1998,2,9,10,5,471.81,91,.80,90,71.87,90,9900.00,99,9900.00,99
1998,2,9,10,10,472.73,91,.74,90,70.47,90,9900.00,99,9900.00,99
1998,2,9,10,15,480.15,91,.11,90,68.77,90,9900.00,99,9900.00,99
1998,2,9,10,20,490.02,91,-.10,90,66.50,90,9900.00,99,9900.00,99
1998,2,9,10,25,497.84,91,-.34,90,65.92,90,9900.00,99,9900.00,99
1998,2,9,10,30,508.40,91,-.06,90,65.21,90,9900.00,99,9900.00,99
1998,2,9,10,35,522.53,91,-.39,90,66.97,90,9900.00,99,9900.00,99
1998,2,9,10,40,532.94,91,-.06,90,67.73,90,9900.00,99,9900.00,99
1998,2,9,10,45,544.15,91,.15,90,69.56,90,9900.00,99,9900.00,99
1998,2,9,10,50,556.09,91,-.17,90,71.65,90,9900.00,99,9900.00,99
1998,2,9,10,55,566.03,91,-.29,90,72.92,90,9900.00,99,9900.00,99
1998,2,9,11,0,576.87,91,.55,90,74.72,90,9900.00,99,9900.00,99
1998,2,9,11,5,595.32,91,.03,90,82.81,90,9900.00,99,9900.00,99
1998,2,9,11,10,584.62,91,-.25,90,109.58,90,9900.00,99,9900.00,99
1998,2,9,11,15,427.10,91,-1.68,90,200.21,90,9900.00,99,9900.00,99
1998,2,9,11,20,356.83,55,-3.33,54,244.31,54,9900.00,99,9900.00,99
1998,2,9,11,25,343.54,35,-3.63,34,275.44,34,9900.00,99,9900.00,99
1998,2,9,11,30,357.85,23,-3.20,22,304.06,22,9900.00,99,9900.00,99
1998,2,9,11,35,354.09,11,-2.94,10,323.18,10,9900.00,99,9900.00,99
1998,2,9,11,40,342.73,15,-2.77,14,316.56,14,9900.00,99,9900.00,99
1998,2,9,11,45,415.35,39,-2.58,38,329.13,38,9900.00,99,9900.00,99
1998,2,9,11,50,611.51,91,-.96,90,276.58,90,9900.00,99,9900.00,99
1998,2,9,11,55,694.44,91,.76,90,138.06,90,9900.00,99,9900.00,99
1998,2,9,12,0,654.31,91,.66,90,84.69,90,9900.00,99,9900.00,99
1998,2,9,12,5,647.97,91,-.43,90,73.47,90,9900.00,99,9900.00,99
1998,2,9,12,10,648.86,91,-.25,90,70.72,90,9900.00,99,9900.00,99
1998,2,9,12,15,646.44,91,-.87,90,68.66,90,9900.00,99,9900.00,99
1998,2,9,12,20,649.26,91,-1.18,90,67.16,90,9900.00,99,9900.00,99
1998,2,9,12,25,651.65,91,-1.15,90,66.11,90,9900.00,99,9900.00,99
1998,2,9,12,30,653.07,91,-1.45,90,66.23,90,9900.00,99,9900.00,99
1998,2,9,12,35,652.07,91,-2.37,90,66.51,90,9900.00,99,9900.00,99
1998,2,9,12,40,654.23,91,-2.87,90,66.40,90,9900.00,99,9900.00,99
1998,2,9,12,45,654.95,91,-3.17,90,66.40,90,9900.00,99,9900.00,99
1998,2,9,12,50,652.82,91,-2.80,90,67.00,90,9900.00,99,9900.00,99
1998,2,9,12,55,642.47,91,-2.99,90,77.95,90,9900.00,99,9900.00,99
1998,2,9,13,0,656.63,91,-2.95,90,75.35,90,9900.00,99,9900.00,99
1998,2,9,13,5,641.62,91,-2.88,90,72.56,90,9900.00,99,9900.00,99
1998,2,9,13,10,654.51,91,-2.99,90,75.49,90,9900.00,99,9900.00,99
1998,2,9,13,15,653.43,91,-3.10,90,78.03,90,9900.00,99,9900.00,99
1998,2,9,13,20,652.52,91,-2.92,90,80.70,90,9900.00,99,9900.00,99
1998,2,9,13,25,650.47,91,-3.19,90,82.78,90,9900.00,99,9900.00,99
1998,2,9,13,30,643.55,91,-3.42,90,80.67,90,9900.00,99,9900.00,99
1998,2,9,13,35,639.37,91,-3.58,90,79.13,90,9900.00,99,9900.00,99
1998,2,9,13,40,636.65,91,-3.52,90,80.71,90,9900.00,99,9900.00,99
1998,2,9,13,45,631.08,91,-3.15,90,81.30,90,9900.00,99,9900.00,99
1998,2,9,13,50,623.01,91,-2.07,90,80.09,90,9900.00,99,9900.00,99
1998,2,9,13,55,613.46,91,-1.50,90,75.00,90,9900.00,99,9900.00,99
1998,2,9,14,0,602.50,91,-2.63,90,75.82,90,9900.00,99,9900.00,99
1998,2,9,14,5,583.40,91,-3.46,90,85.40,90,9900.00,99,9900.00,99
1998,2,9,14,10,610.65,91,-5.16,90,94.64,90,9900.00,99,9900.00,99
1998,2,9,14,15,445.91,91,-6.60,90,126.38,90,9900.00,99,9900.00,99
1998,2,9,14,20,234.10,27,-4.84,26,184.68,26,9900.00,99,9900.00,99
1998,2,9,14,25,308.19,23,-4.66,22,263.53,22,9900.00,99,9900.00,99
1998,2,9,14,30,329.42,11,-3.85,10,306.97,10,9900.00,99,9900.00,99
1998,2,9,14,35,328.99,19,-2.82,18,294.34,18,9900.00,99,9900.00,99
1998,2,9,14,40,326.54,11,-2.18,10,301.30,10,9900.00,99,9900.00,99
1998,2,9,14,45,330.13,15,-2.35,14,304.08,14,9900.00,99,9900.00,99
1998,2,9,14,50,321.38,11,-2.22,10,296.07,10,9900.00,99,9900.00,99
1998,2,9,14,55,370.78,27,-1.86,26,323.54,26,9900.00,99,9900.00,99
1998,2,9,15,0,310.90,15,-1.20,14,284.57,14,9900.00,99,9900.00,99
1998,2,9,15,5,289.28,03,-1.07,03,274.18,03,9900.00,99,9900.00,99
1998,2,9,15,10,255.38,03,-1.54,03,247.69,03,9900.00,99,9900.00,99
1998,2,9,15,15,227.81,03,-1.33,03,220.19,03,9900.00,99,9900.00,99
1998,2,9,15,20,209.50,03,-2.12,03,196.72,03,9900.00,99,9900.00,99
1998,2,9,15,25,232.14,15,-2.46,14,208.36,14,9900.00,99,9900.00,99
1998,2,9,15,30,256.42,03,-1.86,03,256.09,03,9900.00,99,9900.00,99
1998,2,9,15,35,263.26,03,-1.68,03,259.40,03,9900.00,99,9900.00,99
1998,2,9,15,40,262.68,03,-1.41,03,257.88,03,9900.00,99,9900.00,99
1998,2,9,15,45,259.49,03,-1.19,03,251.05,03,9900.00,99,9900.00,99
1998,2,9,15,50,252.62,03,-.77,03,242.84,03,9900.00,99,9900.00,99
1998,2,9,15,55,234.70,03,-.90,03,229.40,03,9900.00,99,9900.00,99
1998,2,9,16,0,224.74,11,-1.04,10,209.75,10,9900.00,99,9900.00,99
1998,2,9,16,5,198.47,23,-1.32,22,170.59,22,9900.00,99,9900.00,99
1998,2,9,16,10,210.98,51,-1.87,50,154.55,50,9900.00,99,9900.00,99
1998,2,9,16,15,200.39,43,-2.47,42,150.26,42,9900.00,99,9900.00,99
1998,2,9,16,20,194.11,67,-3.02,66,125.81,66,9900.00,99,9900.00,99
1998,2,9,16,25,145.75,31,-2.72,30,115.86,30,9900.00,99,9900.00,99
1998,2,9,16,30,117.98,03,-2.75,03,110.19,03,9900.00,99,9900.00,99
1998,2,9,16,35,112.82,03,-2.78,03,111.40,03,9900.00,99,9900.00,99
1998,2,9,16,40,106.44,03,-2.70,03,105.90,03,9900.00,99,9900.00,99
1998,2,9,16,45,100.03,03,-2.20,03,93.50,03,9900.00,99,9900.00,99
1998,2,9,16,50,76.52,03,-2.10,03,73.36,03,9900.00,99,9900.00,99
1998,2,9,16,55,64.15,03,-2.39,03,61.91,03,9900.00,99,9900.00,99
1998,2,9,17,0,60.59,01,-2.24,01,59.24,01,9900.00,99,9900.00,99
1998,2,9,17,5,56.03,01,-2.05,01,55.10,01,9900.00,99,9900.00,99
1998,2,9,17,10,47.55,01,-1.92,01,46.72,01,9900.00,99,9900.00,99
1998,2,9,17,15,42.83,01,-1.63,01,42.33,01,9900.00,99,9900.00,99
1998,2,9,17,20,36.09,01,-1.25,01,35.79,01,9900.00,99,9900.00,99
1998,2,9,17,25,28.86,01,-1.22,01,28.79,01,9900.00,99,9900.00,99
1998,2,9,17,30,25.94,01,-1.32,01,26.09,01,9900.00,99,9900.00,99
1998,2,9,17,35,18.69,01,-1.27,01,18.80,01,9900.00,99,9900.00,99
1998,2,9,17,40,10.32,01,-1.19,01,10.50,01,9900.00,99,9900.00,99
1998,2,9,17,45,5.78,01,-1.16,01,6.05,01,9900.00,99,9900.00,99
1998,2,9,17,50,2.66,01,-1.16,01,2.93,01,9900.00,99,9900.00,99
1998,2,9,17,55,.10,01,-1.14,01,.35,01,9900.00,99,9900.00,99
1998,2,9,18,0,-1.62,01,-1.05,01,-1.26,01,9900.00,99,9900.00,99
1998,2,9,18,5,-2.69,01,-1.02,01,-2.40,01,9900.00,99,9900.00,99
1998,2,9,18,10,-3.57,01,-1.10,01,-3.38,01,9900.00,99,9900.00,99
1998,2,9,18,15,-4.33,01,-1.16,01,-3.97,01,9900.00,99,9900.00,99
1998,2,9,18,20,-4.35,01,-1.16,01,-3.79,01,9900.00,99,9900.00,99
1998,2,9,18,25,-3.85,01,-1.14,01,-3.61,01,9900.00,99,9900.00,99
1998,2,9,18,30,-4.19,01,-1.14,01,-3.90,01,9900.00,99,9900.00,99
1998,2,9,18,35,-4.08,01,-1.13,01,-3.91,01,9900.00,99,9900.00,99
1998,2,9,18,40,-3.69,01,-1.00,01,-3.60,01,9900.00,99,9900.00,99
1998,2,9,18,45,-3.72,01,-.96,01,-3.59,01,9900.00,99,9900.00,99
1998,2,9,18,50,-3.65,01,-1.04,01,-3.56,01,9900.00,99,9900.00,99
1998,2,9,18,55,-3.60,01,-1.03,01,-3.56,01,9900.00,99,9900.00,99
1998,2,9,19,0,-2.86,01,-.77,01,-2.89,01,9900.00,99,9900.00,99
1998,2,9,19,5,-2.86,01,-.77,01,-2.91,01,9900.00,99,9900.00,99
1998,2,9,19,10,-2.93,01,-.86,01,-3.08,01,9900.00,99,9900.00,99
1998,2,9,19,15,-2.74,01,-.87,01,-2.80,01,9900.00,99,9900.00,99
1998,2,9,19,20,-2.80,01,-.78,01,-2.79,01,9900.00,99,9900.00,99
1998,2,9,19,25,-2.80,01,-.77,01,-2.78,01,9900.00,99,9900.00,99
1998,2,9,19,30,-2.36,01,-.66,01,-2.48,01,9900.00,99,9900.00,99
1998,2,9,19,35,-2.18,01,-.60,01,-2.28,01,9900.00,99,9900.00,99
1998,2,9,19,40,-2.03,01,-.48,01,-2.01,01,9900.00,99,9900.00,99
1998,2,9,19,45,-2.06,01,-.47,01,-2.01,01,9900.00,99,9900.00,99
1998,2,9,19,50,-2.13,01,-.57,01,-2.21,01,9900.00,99,9900.00,99
1998,2,9,19,55,-2.18,01,-.59,01,-2.44,01,9900.00,99,9900.00,99
1998,2,9,20,0,-1.94,01,-.68,01,-2.06,01,9900.00,99,9900.00,99
1998,2,9,20,5,-1.94,01,-.60,01,-2.03,01,9900.00,99,9900.00,99
1998,2,9,20,10,-2.08,01,-.61,01,-2.23,01,9900.00,99,9900.00,99
1998,2,9,20,15,-2.44,01,-.65,01,-2.78,01,9900.00,99,9900.00,99
1998,2,9,20,20,-2.63,01,-.60,01,-2.84,01,9900.00,99,9900.00,99
1998,2,9,20,25,-2.51,01,-.69,01,-2.84,01,9900.00,99,9900.00,99
1998,2,9,20,30,-2.91,01,-.78,01,-3.14,01,9900.00,99,9900.00,99
1998,2,9,20,35,-2.93,01,-.86,01,-3.19,01,9900.00,99,9900.00,99
1998,2,9,20,40,-3.14,01,-.87,01,-3.42,01,9900.00,99,9900.00,99
1998,2,9,20,45,-3.30,01,-.96,01,-3.55,01,9900.00,99,9900.00,99
1998,2,9,20,50,-3.27,01,-.94,01,-3.54,01,9900.00,99,9900.00,99
1998,2,9,20,55,-3.14,01,-.87,01,-3.46,01,9900.00,99,9900.00,99
1998,2,9,21,0,-2.93,01,-.84,01,-3.12,01,9900.00,99,9900.00,99
1998,2,9,21,5,-2.83,01,-.79,01,-2.81,01,9900.00,99,9900.00,99
1998,2,9,21,10,-2.93,01,-.78,01,-3.13,01,9900.00,99,9900.00,99
1998,2,9,21,15,-2.60,01,-.66,01,-2.83,01,9900.00,99,9900.00,99
1998,2,9,21,20,-2.35,01,-.55,01,-2.77,01,9900.00,99,9900.00,99
1998,2,9,21,25,-2.48,01,-.55,01,-2.78,01,9900.00,99,9900.00,99
1998,2,9,21,30,-2.24,01,-.43,01,-2.50,01,9900.00,99,9900.00,99
1998,2,9,21,35,-2.15,01,-.37,01,-2.35,01,9900.00,99,9900.00,99
1998,2,9,21,40,-2.19,01,-.52,01,-2.53,01,9900.00,99,9900.00,99
1998,2,9,21,45,-2.31,01,-.69,01,-2.64,01,9900.00,99,9900.00,99
1998,2,9,21,50,-2.85,01,-.80,01,-2.96,01,9900.00,99,9900.00,99
1998,2,9,21,55,-3.05,01,-.86,01,-3.32,01,9900.00,99,9900.00,99
1998,2,9,22,0,-3.64,01,-1.07,01,-3.75,01,9900.00,99,9900.00,99
1998,2,9,22,5,-4.08,01,-1.08,01,-4.18,01,9900.00,99,9900.00,99
1998,2,9,22,10,-4.14,01,-1.09,01,-4.31,01,9900.00,99,9900.00,99
1998,2,9,22,15,-3.71,01,-.98,01,-3.81,01,9900.00,99,9900.00,99
1998,2,9,22,20,-3.14,01,-.71,01,-3.48,01,9900.00,99,9900.00,99
1998,2,9,22,25,-3.69,01,-.80,01,-3.81,01,9900.00,99,9900.00,99
1998,2,9,22,30,-4.53,01,-1.07,01,-4.60,01,9900.00,99,9900.00,99
1998,2,9,22,35,-4.63,01,-1.07,01,-4.82,01,9900.00,99,9900.00,99
1998,2,9,22,40,-3.77,01,-.87,01,-3.75,01,9900.00,99,9900.00,99
1998,2,9,22,45,-3.83,01,-.83,01,-3.93,01,9900.00,99,9900.00,99
1998,2,9,22,50,-4.88,01,-1.06,01,-4.85,01,9900.00,99,9900.00,99
1998,2,9,22,55,-5.03,01,-1.07,01,-5.15,01,9900.00,99,9900.00,99
1998,2,9,23,0,-5.36,01,-1.09,01,-5.22,01,9900.00,99,9900.00,99
1998,2,9,23,5,-4.92,01,-1.01,01,-5.17,01,9900.00,99,9900.00,99
1998,2,9,23,10,-4.56,01,-.86,01,-4.91,01,9900.00,99,9900.00,99
1998,2,9,23,15,-4.08,01,-.68,01,-4.21,01,9900.00,99,9900.00,99
1998,2,9,23,20,-4.10,01,-.58,01,-4.15,01,9900.00,99,9900.00,99
1998,2,9,23,25,-4.13,01,-.64,01,-4.22,01,9900.00,99,9900.00,99
1998,2,9,23,30,-4.08,01,-.66,01,-4.17,01,9900.00,99,9900.00,99
1998,2,9,23,35,-4.74,01,-.83,01,-4.96,01,9900.00,99,9900.00,99
1998,2,9,23,40,-5.06,01,-.91,01,-5.17,01,9900.00,99,9900.00,99
1998,2,9,23,45,-4.99,01,-.87,01,-5.10,01,9900.00,99,9900.00,99
1998,2,9,23,50,-4.47,01,-.90,01,-4.57,01,9900.00,99,9900.00,99
1998,2,9,23,55,-4.43,01,-.95,01,-4.40,01,9900.00,99,9900.00,99
1998,2,10,0,0,-3.98,01,-.80,01,-3.92,01,9900.00,99,9900.00,99
1998,2,10,0,5,-3.58,01,-.61,01,-3.58,01,9900.00,99,9900.00,99
1998,2,10,0,10,-3.38,01,-.48,01,-3.58,01,9900.00,99,9900.00,99
1998,2,10,0,15,-3.66,01,-.34,01,-3.75,01,9900.00,99,9900.00,99
1998,2,10,0,20,-3.58,01,-.41,01,-3.60,01,9900.00,99,9900.00,99
1998,2,10,0,25,-3.62,01,-.41,01,-3.74,01,9900.00,99,9900.00,99
1998,2,10,0,30,-3.32,01,-.42,01,-3.58,01,9900.00,99,9900.00,99
1998,2,10,0,35,-3.16,01,-.40,01,-3.52,01,9900.00,99,9900.00,99
1998,2,10,0,40,-2.71,01,-.27,01,-2.91,01,9900.00,99,9900.00,99
1998,2,10,0,45,-2.56,01,-.08,01,-2.79,01,9900.00,99,9900.00,99
1998,2,10,0,50,-2.78,01,-.08,01,-2.99,01,9900.00,99,9900.00,99
1998,2,10,0,55,-3.03,01,-.20,01,-3.34,01,9900.00,99,9900.00,99
1998,2,10,1,0,-3.67,01,-.57,01,-3.89,01,9900.00,99,9900.00,99
1998,2,10,1,5,-3.72,01,-.69,01,-4.07,01,9900.00,99,9900.00,99
1998,2,10,1,10,-3.44,01,-.59,01,-3.58,01,9900.00,99,9900.00,99
1998,2,10,1,15,-3.46,01,-.53,01,-3.58,01,9900.00,99,9900.00,99
1998,2,10,1,20,-3.28,01,-.39,01,-3.56,01,9900.00,99,9900.00,99
1998,2,10,1,25,-3.03,01,-.28,01,-3.45,01,9900.00,99,9900.00,99
1998,2,10,1,30,-3.78,01,-.38,01,-4.12,01,9900.00,99,9900.00,99
1998,2,10,1,35,-4.20,01,-.54,01,-4.38,01,9900.00,99,9900.00,99
1998,2,10,1,40,-4.38,01,-.79,01,-4.59,01,9900.00,99,9900.00,99
1998,2,10,1,45,-4.46,01,-.85,01,-4.83,01,9900.00,99,9900.00,99
1998,2,10,1,50,-3.70,01,-.79,01,-4.15,01,9900.00,99,9900.00,99
1998,2,10,1,55,-3.93,01,-.72,01,-4.28,01,9900.00,99,9900.00,99
1998,2,10,2,0,-4.29,01,-.67,01,-4.43,01,9900.00,99,9900.00,99
1998,2,10,2,5,-4.15,01,-.62,01,-4.30,01,9900.00,99,9900.00,99
1998,2,10,2,10,-3.65,01,-.60,01,-3.69,01,9900.00,99,9900.00,99
1998,2,10,2,15,-3.54,01,-.50,01,-3.64,01,9900.00,99,9900.00,99
1998,2,10,2,20,-3.74,01,-.37,01,-4.08,01,9900.00,99,9900.00,99
1998,2,10,2,25,-3.75,01,-.48,01,-3.88,01,9900.00,99,9900.00,99
1998,2,10,2,30,-3.28,01,-.39,01,-3.52,01,9900.00,99,9900.00,99
1998,2,10,2,35,-3.19,01,-.41,01,-3.58,01,9900.00,99,9900.00,99
1998,2,10,2,40,-3.08,01,-.37,01,-3.56,01,9900.00,99,9900.00,99
1998,2,10,2,45,-2.88,01,-.34,01,-3.30,01,9900.00,99,9900.00,99
1998,2,10,2,50,-2.47,01,-.17,01,-2.79,01,9900.00,99,9900.00,99
1998,2,10,2,55,-2.85,01,-.03,01,-2.86,01,9900.00,99,9900.00,99
1998,2,10,3,0,-2.88,01,-.12,01,-3.05,01,9900.00,99,9900.00,99
1998,2,10,3,5,-3.12,01,-.15,01,-3.56,01,9900.00,99,9900.00,99
1998,2,10,3,10,-2.92,01,-.21,01,-3.24,01,9900.00,99,9900.00,99
1998,2,10,3,15,-2.92,01,-.28,01,-3.10,01,9900.00,99,9900.00,99
1998,2,10,3,20,-3.38,01,-.46,01,-3.63,01,9900.00,99,9900.00,99
1998,2,10,3,25,-3.56,01,-.44,01,-4.01,01,9900.00,99,9900.00,99
1998,2,10,3,30,-3.47,01,-.44,01,-3.75,01,9900.00,99,9900.00,99
1998,2,10,3,35,-3.88,01,-.50,01,-4.35,01,9900.00,99,9900.00,99
1998,2,10,3,40,-3.70,01,-.44,01,-4.22,01,9900.00,99,9900.00,99
1998,2,10,3,45,-3.66,01,-.32,01,-4.15,01,9900.00,99,9900.00,99
1998,2,10,3,50,-3.31,01,-.36,01,-3.61,01,9900.00,99,9900.00,99
1998,2,10,3,55,-3.50,01,-.36,01,-3.68,01,9900.00,99,9900.00,99
1998,2,10,4,0,-3.16,01,-.35,01,-3.57,01,9900.00,99,9900.00,99
1998,2,10,4,5,-3.25,01,-.28,01,-3.64,01,9900.00,99,9900.00,99
1998,2,10,4,10,-2.94,01,-.06,01,-3.33,01,9900.00,99,9900.00,99
1998,2,10,4,15,-2.88,01,-.05,01,-3.20,01,9900.00,99,9900.00,99
1998,2,10,4,20,-2.29,01,-.03,01,-2.66,01,9900.00,99,9900.00,99
1998,2,10,4,25,-2.16,01,-.04,01,-2.54,01,9900.00,99,9900.00,99
1998,2,10,4,30,-2.20,01,-.09,01,-2.77,01,9900.00,99,9900.00,99
1998,2,10,4,35,-2.78,01,-.16,01,-3.04,01,9900.00,99,9900.00,99
1998,2,10,4,40,-2.92,01,-.12,01,-3.15,01,9900.00,99,9900.00,99
1998,2,10,4,45,-2.85,01,-.01,01,-3.17,01,9900.00,99,9900.00,99
1998,2,10,4,50,-2.31,01,-.02,01,-2.85,01,9900.00,99,9900.00,99
1998,2,10,4,55,-2.62,01,-.01,01,-3.15,01,9900.00,99,9900.00,99
1998,2,10,5,0,-2.93,01,-.01,01,-3.53,01,9900.00,99,9900.00,99
1998,2,10,5,5,-2.99,01,-.08,01,-3.57,01,9900.00,99,9900.00,99
1998,2,10,5,10,-3.36,01,-.11,01,-3.70,01,9900.00,99,9900.00,99
1998,2,10,5,15,-3.20,01,-.17,01,-3.72,01,9900.00,99,9900.00,99
1998,2,10,5,20,-3.07,01,-.28,01,-3.54,01,9900.00,99,9900.00,99
1998,2,10,5,25,-2.55,01,-.14,01,-1.85,01,9900.00,99,9900.00,99
1998,2,10,5,30,-2.06,01,-.10,01,-1.34,01,9900.00,99,9900.00,99
1998,2,10,5,35,-1.64,01,-.17,01,-1.28,01,9900.00,99,9900.00,99
1998,2,10,5,40,-1.29,01,-.19,01,-1.20,01,9900.00,99,9900.00,99
1998,2,10,5,45,-1.39,01,-.25,01,-1.23,01,9900.00,99,9900.00,99
1998,2,10,5,50,-1.22,01,-.30,01,-1.23,01,9900.00,99,9900.00,99
1998,2,10,5,55,-1.10,01,-.30,01,-1.19,01,9900.00,99,9900.00,99
1998,2,10,6,0,-1.66,01,-.33,01,-1.79,01,9900.00,99,9900.00,99
1998,2,10,6,5,-1.99,01,-.40,01,-2.73,01,9900.00,99,9900.00,99
1998,2,10,6,10,-.73,01,-.43,01,-3.01,01,9900.00,99,9900.00,99
1998,2,10,6,15,-2.00,01,-.40,01,-3.34,01,9900.00,99,9900.00,99
1998,2,10,6,20,-2.77,01,-.39,01,-3.30,01,9900.00,99,9900.00,99
1998,2,10,6,25,-2.91,01,-.40,01,-3.35,01,9900.00,99,9900.00,99
1998,2,10,6,30,-2.93,01,-.36,01,-3.58,01,9900.00,99,9900.00,99
1998,2,10,6,35,-2.57,01,-.26,01,-3.23,01,9900.00,99,9900.00,99
1998,2,10,6,40,-2.92,01,-.26,01,-3.49,01,9900.00,99,9900.00,99
1998,2,10,6,45,-2.98,01,-.28,01,-3.56,01,9900.00,99,9900.00,99
1998,2,10,6,50,-2.93,01,-.21,01,-3.29,01,9900.00,99,9900.00,99
1998,2,10,6,55,-2.93,01,-.16,01,-3.22,01,9900.00,99,9900.00,99
1998,2,10,7,0,-2.82,01,-.07,01,-3.24,01,9900.00,99,9900.00,99
1998,2,10,7,5,-2.25,01,-.01,01,-2.79,01,9900.00,99,9900.00,99
1998,2,10,7,10,-1.71,01,0.00,01,-2.59,01,9900.00,99,9900.00,99
1998,2,10,7,15,-.57,01,-.01,01,-1.46,01,9900.00,99,9900.00,99
1998,2,10,7,20,1.54,01,.01,01,.60,01,9900.00,99,9900.00,99
1998,2,10,7,25,3.67,01,0.00,01,3.09,01,9900.00,99,9900.00,99
1998,2,10,7,30,6.22,01,.03,01,5.52,01,9900.00,99,9900.00,99
1998,2,10,7,35,9.28,01,0.00,01,9.08,01,9900.00,99,9900.00,99
1998,2,10,7,40,12.66,01,-.01,01,11.94,01,9900.00,99,9900.00,99
1998,2,10,7,45,18.99,01,-.01,01,17.65,01,9900.00,99,9900.00,99
1998,2,10,7,50,75.88,01,.19,01,50.75,01,9900.00,99,9900.00,99
1998,2,10,7,55,104.70,01,.60,01,64.61,01,9900.00,99,9900.00,99
1998,2,10,8,0,127.18,01,.78,01,75.26,01,9900.00,99,9900.00,99
1998,2,10,8,5,150.33,01,.85,01,85.22,01,9900.00,99,9900.00,99
1998,2,10,8,10,172.16,01,1.05,01,93.66,01,9900.00,99,9900.00,99
1998,2,10,8,15,194.94,01,1.07,01,101.86,01,9900.00,99,9900.00,99
1998,2,10,8,20,216.64,01,1.05,01,109.65,01,9900.00,99,9900.00,99
1998,2,10,8,25,238.47,91,.64,90,117.58,90,9900.00,99,9900.00,99
1998,2,10,8,30,262.00,91,.06,90,126.29,90,9900.00,99,9900.00,99
1998,2,10,8,35,278.61,91,-.03,90,134.35,90,9900.00,99,9900.00,99
1998,2,10,8,40,291.07,91,-.04,90,141.44,90,9900.00,99,9900.00,99
1998,2,10,8,45,313.81,91,-.68,90,147.83,90,9900.00,99,9900.00,99
1998,2,10,8,50,316.29,91,-.90,90,155.21,90,9900.00,99,9900.00,99
1998,2,10,8,55,300.27,91,-.61,90,163.87,90,9900.00,99,9900.00,99
1998,2,10,9,0,294.51,91,-.82,90,174.09,90,9900.00,99,9900.00,99
1998,2,10,9,5,313.26,91,-1.07,90,186.49,90,9900.00,99,9900.00,99
1998,2,10,9,10,346.91,91,-1.08,90,202.57,90,9900.00,99,9900.00,99
1998,2,10,9,15,293.58,91,-1.47,90,184.04,90,9900.00,99,9900.00,99
1998,2,10,9,20,299.67,91,-1.52,90,181.71,90,9900.00,99,9900.00,99
1998,2,10,9,25,354.13,91,-.95,90,176.34,90,9900.00,99,9900.00,99
1998,2,10,9,30,391.71,91,-.85,90,143.12,90,9900.00,99,9900.00,99
1998,2,10,9,35,383.23,91,-1.16,90,126.89,90,9900.00,99,9900.00,99
1998,2,10,9,40,388.57,91,-.61,90,125.98,90,9900.00,99,9900.00,99
1998,2,10,9,45,392.85,91,-.64,90,118.88,90,9900.00,99,9900.00,99
1998,2,10,9,50,405.44,91,-1.22,90,126.51,90,9900.00,99,9900.00,99
1998,2,10,9,55,446.34,91,-1.55,90,138.42,90,9900.00,99,9900.00,99
1998,2,10,10,0,373.64,91,-2.03,90,168.70,90,9900.00,99,9900.00,99
1998,2,10,10,5,361.05,91,-2.16,90,199.85,90,9900.00,99,9900.00,99
1998,2,10,10,10,432.57,91,-1.70,90,212.83,90,9900.00,99,9900.00,99
1998,2,10,10,15,464.29,91,-1.16,90,203.74,90,9900.00,99,9900.00,99
1998,2,10,10,20,490.79,91,-.33,90,192.36,90,9900.00,99,9900.00,99
1998,2,10,10,25,507.31,91,-.21,90,177.56,90,9900.00,99,9900.00,99
1998,2,10,10,30,446.59,91,-.68,90,180.02,90,9900.00,99,9900.00,99
1998,2,10,10,35,487.13,91,-.86,90,198.92,90,9900.00,99,9900.00,99
1998,2,10,10,40,451.61,91,-.76,90,229.81,90,9900.00,99,9900.00,99
1998,2,10,10,45,443.14,91,-.59,90,253.33,90,9900.00,99,9900.00,99
1998,2,10,10,50,460.09,91,-.50,90,267.20,90,9900.00,99,9900.00,99
1998,2,10,10,55,438.03,83,-1.12,82,279.24,82,9900.00,99,9900.00,99
1998,2,10,11,0,448.76,83,-1.28,82,294.35,82,9900.00,99,9900.00,99
1998,2,10,11,5,442.39,75,-1.38,74,294.26,74,9900.00,99,9900.00,99
1998,2,10,11,10,456.32,83,-1.07,82,286.80,82,9900.00,99,9900.00,99
1998,2,10,11,15,455.04,83,-.94,82,285.30,82,9900.00,99,9900.00,99
1998,2,10,11,20,515.40,91,-.70,90,274.70,90,9900.00,99,9900.00,99
1998,2,10,11,25,549.68,91,-.47,90,256.33,90,9900.00,99,9900.00,99
1998,2,10,11,30,504.65,91,-.48,90,244.01,90,9900.00,99,9900.00,99
1998,2,10,11,35,519.73,91,-.43,90,250.82,90,9900.00,99,9900.00,99
1998,2,10,11,40,554.36,91,-1.47,90,255.86,90,9900.00,99,9900.00,99
1998,2,10,11,45,580.08,91,-1.76,90,238.92,90,9900.00,99,9900.00,99
1998,2,10,11,50,598.15,91,-1.47,90,215.13,90,9900.00,99,9900.00,99
1998,2,10,11,55,589.33,91,-.67,90,187.72,90,9900.00,99,9900.00,99
1998,2,10,12,0,584.75,91,-.60,90,175.22,90,9900.00,99,9900.00,99
1998,2,10,12,5,623.41,91,-1.69,90,181.50,90,9900.00,99,9900.00,99
1998,2,10,12,10,535.73,91,8.56,90,198.30,90,9900.00,99,9900.00,99
1998,2,10,12,15,541.70,91,-2.13,90,215.72,90,9900.00,99,9900.00,99
1998,2,10,12,20,579.68,91,-2.09,90,235.83,90,9900.00,99,9900.00,99
1998,2,10,12,25,463.52,91,-2.73,90,253.52,90,9900.00,99,9900.00,99
1998,2,10,12,30,473.47,91,-2.54,90,272.95,90,9900.00,99,9900.00,99
1998,2,10,12,35,489.73,91,-1.67,90,289.60,90,9900.00,99,9900.00,99
1998,2,10,12,40,476.24,79,-1.94,78,307.42,78,9900.00,99,9900.00,99
1998,2,10,12,45,456.08,67,-1.72,66,314.64,66,9900.00,99,9900.00,99
1998,2,10,12,50,382.07,35,-2.23,34,301.01,34,9900.00,99,9900.00,99
1998,2,10,12,55,383.47,39,-1.31,38,294.80,38,9900.00,99,9900.00,99
1998,2,10,13,0,465.44,63,-1.20,62,331.34,62,9900.00,99,9900.00,99
1998,2,10,13,5,503.05,71,-.63,70,343.94,70,9900.00,99,9900.00,99
1998,2,10,13,10,390.35,23,-.73,22,336.42,22,9900.00,99,9900.00,99
1998,2,10,13,15,331.72,03,-1.09,03,312.54,03,9900.00,99,9900.00,99
1998,2,10,13,20,337.40,15,-1.29,14,309.64,14,9900.00,99,9900.00,99
1998,2,10,13,25,425.78,47,-1.11,46,321.34,46,9900.00,99,9900.00,99
1998,2,10,13,30,370.92,31,-1.20,30,301.59,30,9900.00,99,9900.00,99
1998,2,10,13,35,383.57,47,-1.07,46,284.40,46,9900.00,99,9900.00,99
1998,2,10,13,40,387.28,55,-.89,54,276.91,54,9900.00,99,9900.00,99
1998,2,10,13,45,408.62,71,-.52,70,260.80,70,9900.00,99,9900.00,99
1998,2,10,13,50,393.73,79,-1.04,78,231.46,78,9900.00,99,9900.00,99
1998,2,10,13,55,441.82,91,-1.10,90,209.38,90,9900.00,99,9900.00,99
1998,2,10,14,0,409.16,91,-1.33,90,199.12,90,9900.00,99,9900.00,99
1998,2,10,14,5,493.62,91,-1.31,90,210.23,90,9900.00,99,9900.00,99
1998,2,10,14,10,554.70,91,-1.21,90,236.68,90,9900.00,99,9900.00,99
1998,2,10,14,15,619.65,91,-2.16,90,230.29,90,9900.00,99,9900.00,99
1998,2,10,14,20,573.81,91,-2.42,90,185.85,90,9900.00,99,9900.00,99
1998,2,10,14,25,492.20,91,-2.73,90,156.63,90,9900.00,99,9900.00,99
1998,2,10,14,30,477.82,91,-2.98,90,146.07,90,9900.00,99,9900.00,99
1998,2,10,14,35,390.31,91,-2.65,90,152.13,90,9900.00,99,9900.00,99
1998,2,10,14,40,228.47,23,-2.77,22,187.23,22,9900.00,99,9900.00,99
1998,2,10,14,45,370.16,67,-2.46,66,251.22,66,9900.00,99,9900.00,99
1998,2,10,14,50,370.97,59,-2.12,58,265.23,58,9900.00,99,9900.00,99
1998,2,10,14,55,634.42,91,-1.28,90,238.41,90,9900.00,99,9900.00,99
1998,2,10,15,0,505.26,91,-1.11,90,109.88,90,9900.00,99,9900.00,99
1998,2,10,15,5,437.27,91,-1.47,90,86.46,90,9900.00,99,9900.00,99
1998,2,10,15,10,441.16,91,-2.42,90,92.57,90,9900.00,99,9900.00,99
1998,2,10,15,15,461.75,91,-2.86,90,107.51,90,9900.00,99,9900.00,99
1998,2,10,15,20,424.20,91,-3.00,90,115.02,90,9900.00,99,9900.00,99
1998,2,10,15,25,312.95,91,-2.60,90,114.16,90,9900.00,99,9900.00,99
1998,2,10,15,30,363.91,91,-3.00,90,107.32,90,9900.00,99,9900.00,99
1998,2,10,15,35,264.37,79,-3.25,78,145.65,78,9900.00,99,9900.00,99
1998,2,10,15,40,312.29,91,-2.70,90,169.45,90,9900.00,99,9900.00,99
1998,2,10,15,45,181.99,43,-2.46,42,121.57,42,9900.00,99,9900.00,99
1998,2,10,15,50,193.32,79,-2.33,78,86.04,78,9900.00,99,9900.00,99
1998,2,10,15,55,276.21,91,-2.44,90,93.71,90,9900.00,99,9900.00,99
1998,2,10,16,0,292.98,91,-2.13,90,107.47,90,9900.00,99,9900.00,99
1998,2,10,16,5,271.43,91,-2.04,90,120.99,90,9900.00,99,9900.00,99
1998,2,10,16,10,295.26,91,-2.15,90,139.51,90,9900.00,99,9900.00,99
1998,2,10,16,15,279.34,91,-2.33,90,146.98,90,9900.00,99,9900.00,99
1998,2,10,16,20,248.90,91,-2.39,90,147.22,90,9900.00,99,9900.00,99
1998,2,10,16,25,161.94,47,-2.67,46,117.68,46,9900.00,99,9900.00,99
1998,2,10,16,30,128.66,55,-2.70,54,77.53,54,9900.00,99,9900.00,99
1998,2,10,16,35,71.91,23,-2.71,22,53.45,22,9900.00,99,9900.00,99
1998,2,10,16,40,122.93,87,-2.15,86,49.07,86,9900.00,99,9900.00,99
1998,2,10,16,45,160.79,91,-1.67,90,50.37,90,9900.00,99,9900.00,99
1998,2,10,16,50,101.85,79,-1.66,78,43.11,78,9900.00,99,9900.00,99
1998,2,10,16,55,106.46,91,-1.36,90,39.93,90,9900.00,99,9900.00,99
1998,2,10,17,0,69.95,51,-1.92,50,36.05,50,9900.00,99,9900.00,99
1998,2,10,17,5,37.39,01,-1.91,01,26.79,01,9900.00,99,9900.00,99
1998,2,10,17,10,37.47,01,-1.88,01,22.57,01,9900.00,99,9900.00,99
1998,2,10,17,15,74.08,01,-1.22,01,26.30,01,9900.00,99,9900.00,99
1998,2,10,17,20,68.30,01,-1.16,01,28.18,01,9900.00,99,9900.00,99
1998,2,10,17,25,56.96,01,-1.13,01,27.79,01,9900.00,99,9900.00,99
1998,2,10,17,30,44.92,01,-1.16,01,26.34,01,9900.00,99,9900.00,99
1998,2,10,17,35,34.44,01,-1.23,01,23.09,01,9900.00,99,9900.00,99
1998,2,10,17,40,23.66,01,-1.42,01,17.63,01,9900.00,99,9900.00,99
1998,2,10,17,45,11.07,01,-2.18,01,10.95,01,9900.00,99,9900.00,99
1998,2,10,17,50,4.00,01,-2.64,01,4.92,01,9900.00,99,9900.00,99
1998,2,10,17,55,1.33,01,-2.47,01,2.26,01,9900.00,99,9900.00,99
1998,2,10,18,0,-2.60,01,-1.99,01,-1.66,01,9900.00,99,9900.00,99
1998,2,10,18,5,-4.19,01,-1.64,01,-3.34,01,9900.00,99,9900.00,99
1998,2,10,18,10,-5.63,01,-1.25,01,-4.75,01,9900.00,99,9900.00,99
1998,2,10,18,15,-6.76,01,-1.28,01,-6.07,01,9900.00,99,9900.00,99
1998,2,10,18,20,-6.45,01,-1.20,01,-5.95,01,9900.00,99,9900.00,99
1998,2,10,18,25,-5.85,01,-1.16,01,-5.17,01,9900.00,99,9900.00,99
1998,2,10,18,30,-5.89,01,-1.16,01,-5.54,01,9900.00,99,9900.00,99
1998,2,10,18,35,-5.22,01,-1.15,01,-4.94,01,9900.00,99,9900.00,99
1998,2,10,18,40,-5.05,01,-1.12,01,-4.75,01,9900.00,99,9900.00,99
1998,2,10,18,45,-4.48,01,-1.00,01,-4.38,01,9900.00,99,9900.00,99
1998,2,10,18,50,-4.52,01,-.91,01,-4.37,01,9900.00,99,9900.00,99
1998,2,10,18,55,-3.82,01,-.71,01,-3.72,01,9900.00,99,9900.00,99
1998,2,10,19,0,-3.81,01,-.64,01,-3.72,01,9900.00,99,9900.00,99
1998,2,10,19,5,-4.78,01,-.73,01,-4.87,01,9900.00,99,9900.00,99
1998,2,10,19,10,-3.99,01,-.66,01,-3.97,01,9900.00,99,9900.00,99
1998,2,10,19,15,-3.88,01,-.42,01,-3.75,01,9900.00,99,9900.00,99
1998,2,10,19,20,-3.92,01,-.61,01,-3.79,01,9900.00,99,9900.00,99
1998,2,10,19,25,-5.22,01,-.68,01,-5.04,01,9900.00,99,9900.00,99
1998,2,10,19,30,-4.48,01,-1.00,01,-4.36,01,9900.00,99,9900.00,99
1998,2,10,19,35,-4.06,01,-.68,01,-4.09,01,9900.00,99,9900.00,99
1998,2,10,19,40,-3.75,01,-.65,01,-3.68,01,9900.00,99,9900.00,99
1998,2,10,19,45,-3.42,01,-.52,01,-3.48,01,9900.00,99,9900.00,99
1998,2,10,19,50,-3.02,01,-.33,01,-3.12,01,9900.00,99,9900.00,99
1998,2,10,19,55,-3.88,01,-.48,01,-3.88,01,9900.00,99,9900.00,99
1998,2,10,20,0,-3.86,01,-.51,01,-3.67,01,9900.00,99,9900.00,99
1998,2,10,20,5,-3.57,01,-.52,01,-3.40,01,9900.00,99,9900.00,99
1998,2,10,20,10,-4.35,01,-.66,01,-4.29,01,9900.00,99,9900.00,99
1998,2,10,20,15,-3.66,01,-.59,01,-3.70,01,9900.00,99,9900.00,99
1998,2,10,20,20,-3.60,01,-.56,01,-3.62,01,9900.00,99,9900.00,99
1998,2,10,20,25,-3.07,01,-.41,01,-3.22,01,9900.00,99,9900.00,99
1998,2,10,20,30,-3.68,01,-.40,01,-3.55,01,9900.00,99,9900.00,99
1998,2,10,20,35,-4.52,01,-.63,01,-4.59,01,9900.00,99,9900.00,99
1998,2,10,20,40,-3.93,01,-.64,01,-3.97,01,9900.00,99,9900.00,99
1998,2,10,20,45,-3.59,01,-.59,01,-3.57,01,9900.00,99,9900.00,99
1998,2,10,20,50,-3.25,01,-.69,01,-3.36,01,9900.00,99,9900.00,99
1998,2,10,20,55,-4.06,01,-.84,01,-4.02,01,9900.00,99,9900.00,99
1998,2,10,21,0,-3.47,01,-.71,01,-3.41,01,9900.00,99,9900.00,99
1998,2,10,21,5,-4.00,01,-.89,01,-4.03,01,9900.00,99,9900.00,99
1998,2,10,21,10,-4.38,01,-.95,01,-4.39,01,9900.00,99,9900.00,99
1998,2,10,21,15,-3.72,01,-.72,01,-3.75,01,9900.00,99,9900.00,99
1998,2,10,21,20,-2.93,01,-.44,01,-2.89,01,9900.00,99,9900.00,99
1998,2,10,21,25,-2.60,01,-.26,01,-2.76,01,9900.00,99,9900.00,99
1998,2,10,21,30,-2.20,01,-.32,01,-2.25,01,9900.00,99,9900.00,99
1998,2,10,21,35,-2.90,01,-.48,01,-3.07,01,9900.00,99,9900.00,99
1998,2,10,21,40,-3.33,01,-.75,01,-3.50,01,9900.00,99,9900.00,99
1998,2,10,21,45,-2.99,01,-.65,01,-3.25,01,9900.00,99,9900.00,99
1998,2,10,21,50,-2.96,01,-.56,01,-3.24,01,9900.00,99,9900.00,99
1998,2,10,21,55,-3.11,01,-.59,01,-3.42,01,9900.00,99,9900.00,99
1998,2,10,22,0,-3.13,01,-.70,01,-3.37,01,9900.00,99,9900.00,99
1998,2,10,22,5,-3.04,01,-.66,01,-3.18,01,9900.00,99,9900.00,99
1998,2,10,22,10,-4.11,01,-.91,01,-4.08,01,9900.00,99,9900.00,99
1998,2,10,22,15,-3.33,01,-.70,01,-3.30,01,9900.00,99,9900.00,99
1998,2,10,22,20,-3.02,01,-.65,01,-3.24,01,9900.00,99,9900.00,99
1998,2,10,22,25,-3.05,01,-.49,01,-3.12,01,9900.00,99,9900.00,99
1998,2,10,22,30,-3.25,01,-.52,01,-3.48,01,9900.00,99,9900.00,99
1998,2,10,22,35,-3.20,01,-.54,01,-3.48,01,9900.00,99,9900.00,99
1998,2,10,22,40,-3.03,01,-.52,01,-3.32,01,9900.00,99,9900.00,99
1998,2,10,22,45,-3.10,01,-.43,01,-3.50,01,9900.00,99,9900.00,99
1998,2,10,22,50,-3.58,01,-.51,01,-3.66,01,9900.00,99,9900.00,99
1998,2,10,22,55,-3.50,01,-.57,01,-3.62,01,9900.00,99,9900.00,99
1998,2,10,23,0,-3.14,01,-.51,01,-3.52,01,9900.00,99,9900.00,99
1998,2,10,23,5,-3.05,01,-.45,01,-3.38,01,9900.00,99,9900.00,99
1998,2,10,23,10,-2.92,01,-.41,01,-2.97,01,9900.00,99,9900.00,99
1998,2,10,23,15,-2.46,01,-.24,01,-2.50,01,9900.00,99,9900.00,99
1998,2,10,23,20,-2.75,01,-.39,01,-2.85,01,9900.00,99,9900.00,99
1998,2,10,23,25,-2.85,01,-.45,01,-2.91,01,9900.00,99,9900.00,99
1998,2,10,23,30,-3.10,01,-.58,01,-3.38,01,9900.00,99,9900.00,99
1998,2,10,23,35,-2.86,01,-.51,01,-3.02,01,9900.00,99,9900.00,99
1998,2,10,23,40,-2.79,01,-.41,01,-2.83,01,9900.00,99,9900.00,99
1998,2,10,23,45,-2.91,01,-.46,01,-3.00,01,9900.00,99,9900.00,99
1998,2,10,23,50,-2.72,01,-.38,01,-2.90,01,9900.00,99,9900.00,99
1998,2,10,23,55,-2.91,01,-.41,01,-3.12,01,9900.00,99,9900.00,99
1998,2,11,0,0,-2.33,01,-.23,01,-2.77,01,9900.00,99,9900.00,99
1998,2,11,0,5,-2.05,01,-.21,01,-2.20,01,9900.00,99,9900.00,99
1998,2,11,0,10,-1.78,01,-.24,01,-2.09,01,9900.00,99,9900.00,99
1998,2,11,0,15,-2.07,01,-.39,01,-2.48,01,9900.00,99,9900.00,99
1998,2,11,0,20,-2.30,01,-.50,01,-2.74,01,9900.00,99,9900.00,99
1998,2,11,0,25,-2.28,01,-.44,01,-2.73,01,9900.00,99,9900.00,99
1998,2,11,0,30,-2.18,01,-.40,01,-2.51,01,9900.00,99,9900.00,99
1998,2,11,0,35,-2.52,01,-.48,01,-2.81,01,9900.00,99,9900.00,99
1998,2,11,0,40,-2.63,01,-.48,01,-2.87,01,9900.00,99,9900.00,99
1998,2,11,0,45,-2.28,01,-.30,01,-2.60,01,9900.00,99,9900.00,99
1998,2,11,0,50,-1.47,01,-.23,01,-1.95,01,9900.00,99,9900.00,99
1998,2,11,0,55,-1.74,01,-.37,01,-2.16,01,9900.00,99,9900.00,99
1998,2,11,1,0,-2.51,01,-.44,01,-2.92,01,9900.00,99,9900.00,99
1998,2,11,1,5,-2.57,01,-.41,01,-2.92,01,9900.00,99,9900.00,99
1998,2,11,1,10,-2.42,01,-.38,01,-2.78,01,9900.00,99,9900.00,99
1998,2,11,1,15,-2.21,01,-.32,01,-2.70,01,9900.00,99,9900.00,99
1998,2,11,1,20,-2.05,01,-.33,01,-2.22,01,9900.00,99,9900.00,99
1998,2,11,1,25,-1.59,01,-.31,01,-1.88,01,9900.00,99,9900.00,99
1998,2,11,1,30,-2.36,01,-.41,01,-2.74,01,9900.00,99,9900.00,99
1998,2,11,1,35,-2.93,01,-.53,01,-3.22,01,9900.00,99,9900.00,99
1998,2,11,1,40,-3.56,01,-.44,01,-3.75,01,9900.00,99,9900.00,99
1998,2,11,1,45,-2.96,01,-.43,01,-3.27,01,9900.00,99,9900.00,99
1998,2,11,1,50,-3.01,01,-.45,01,-3.41,01,9900.00,99,9900.00,99
1998,2,11,1,55,-2.97,01,-.39,01,-3.41,01,9900.00,99,9900.00,99
1998,2,11,2,0,-3.25,01,-.39,01,-3.54,01,9900.00,99,9900.00,99
1998,2,11,2,5,-3.20,01,-.44,01,-3.52,01,9900.00,99,9900.00,99
1998,2,11,2,10,-3.27,01,-.40,01,-3.54,01,9900.00,99,9900.00,99
1998,2,11,2,15,-3.18,01,-.28,01,-3.42,01,9900.00,99,9900.00,99
1998,2,11,2,20,-2.83,01,-.30,01,-2.89,01,9900.00,99,9900.00,99
1998,2,11,2,25,-2.55,01,-.31,01,-2.78,01,9900.00,99,9900.00,99
1998,2,11,2,30,-2.61,01,-.32,01,-2.79,01,9900.00,99,9900.00,99
1998,2,11,2,35,-2.78,01,-.37,01,-2.89,01,9900.00,99,9900.00,99
1998,2,11,2,40,-2.91,01,-.44,01,-3.11,01,9900.00,99,9900.00,99
1998,2,11,2,45,-2.67,01,-.39,01,-2.86,01,9900.00,99,9900.00,99
1998,2,11,2,50,-2.84,01,-.46,01,-3.09,01,9900.00,99,9900.00,99
1998,2,11,2,55,-2.92,01,-.46,01,-3.19,01,9900.00,99,9900.00,99
1998,2,11,3,0,-2.92,01,-.37,01,-3.12,01,9900.00,99,9900.00,99
1998,2,11,3,5,-2.82,01,-.33,01,-2.93,01,9900.00,99,9900.00,99
1998,2,11,3,10,-2.82,01,-.31,01,-2.93,01,9900.00,99,9900.00,99
1998,2,11,3,15,-2.92,01,-.37,01,-3.21,01,9900.00,99,9900.00,99
1998,2,11,3,20,-2.92,01,-.33,01,-3.23,01,9900.00,99,9900.00,99
1998,2,11,3,25,-2.92,01,-.27,01,-3.20,01,9900.00,99,9900.00,99
1998,2,11,3,30,-2.91,01,-.20,01,-3.19,01,9900.00,99,9900.00,99
1998,2,11,3,35,-2.85,01,-.15,01,-2.99,01,9900.00,99,9900.00,99
1998,2,11,3,40,-2.99,01,-.23,01,-3.38,01,9900.00,99,9900.00,99
1998,2,11,3,45,-3.28,01,-.17,01,-3.56,01,9900.00,99,9900.00,99
1998,2,11,3,50,-2.93,01,-.14,01,-3.13,01,9900.00,99,9900.00,99
1998,2,11,3,55,-2.78,01,-.12,01,-2.87,01,9900.00,99,9900.00,99
1998,2,11,4,0,-2.88,01,-.21,01,-3.05,01,9900.00,99,9900.00,99
1998,2,11,4,5,-2.92,01,-.30,01,-3.19,01,9900.00,99,9900.00,99
1998,2,11,4,10,-3.12,01,-.33,01,-3.54,01,9900.00,99,9900.00,99
1998,2,11,4,15,-2.81,01,-.24,01,-2.91,01,9900.00,99,9900.00,99
1998,2,11,4,20,-2.89,01,-.25,01,-3.05,01,9900.00,99,9900.00,99
1998,2,11,4,25,-2.83,01,-.15,01,-3.10,01,9900.00,99,9900.00,99
1998,2,11,4,30,-2.31,01,-.12,01,-2.68,01,9900.00,99,9900.00,99
1998,2,11,4,35,-2.63,01,-.07,01,-2.79,01,9900.00,99,9900.00,99
1998,2,11,4,40,-2.93,01,-.30,01,-3.20,01,9900.00,99,9900.00,99
1998,2,11,4,45,-2.92,01,-.34,01,-3.19,01,9900.00,99,9900.00,99
1998,2,11,4,50,-3.39,01,-.35,01,-3.59,01,9900.00,99,9900.00,99
1998,2,11,4,55,-2.98,01,-.33,01,-3.24,01,9900.00,99,9900.00,99
1998,2,11,5,0,-2.27,01,-.26,01,-2.76,01,9900.00,99,9900.00,99
1998,2,11,5,5,-2.20,01,-.27,01,-2.73,01,9900.00,99,9900.00,99
1998,2,11,5,10,-2.62,01,-.35,01,-2.83,01,9900.00,99,9900.00,99
1998,2,11,5,15,-2.45,01,-.31,01,-2.72,01,9900.00,99,9900.00,99
1998,2,11,5,20,-2.08,01,-.34,01,-2.26,01,9900.00,99,9900.00,99
1998,2,11,5,25,-2.16,01,-.32,01,-2.56,01,9900.00,99,9900.00,99
1998,2,11,5,30,-2.53,01,-.39,01,-2.80,01,9900.00,99,9900.00,99
1998,2,11,5,35,-2.38,01,-.39,01,-2.79,01,9900.00,99,9900.00,99
1998,2,11,5,40,-2.42,01,-.41,01,-2.81,01,9900.00,99,9900.00,99
1998,2,11,5,45,-2.76,01,-.40,01,-2.95,01,9900.00,99,9900.00,99
1998,2,11,5,50,-2.59,01,-.39,01,-2.81,01,9900.00,99,9900.00,99
1998,2,11,5,55,-2.88,01,-.33,01,-3.04,01,9900.00,99,9900.00,99
1998,2,11,6,0,-2.25,01,-.34,01,-2.68,01,9900.00,99,9900.00,99
1998,2,11,6,5,-2.41,01,-.32,01,-2.80,01,9900.00,99,9900.00,99
1998,2,11,6,10,-1.92,01,-.33,01,-2.34,01,9900.00,99,9900.00,99
1998,2,11,6,15,-2.16,01,-.36,01,-2.67,01,9900.00,99,9900.00,99
1998,2,11,6,20,-1.85,01,-.35,01,-2.30,01,9900.00,99,9900.00,99
1998,2,11,6,25,-1.51,01,-.30,01,-2.00,01,9900.00,99,9900.00,99
1998,2,11,6,30,-1.87,01,-.34,01,-2.17,01,9900.00,99,9900.00,99
1998,2,11,6,35,-1.58,01,-.28,01,-1.99,01,9900.00,99,9900.00,99
1998,2,11,6,40,-1.27,01,-.26,01,-1.75,01,9900.00,99,9900.00,99
1998,2,11,6,45,-1.41,01,-.31,01,-1.91,01,9900.00,99,9900.00,99
1998,2,11,6,50,-1.26,01,-.18,01,-1.45,01,9900.00,99,9900.00,99
1998,2,11,6,55,-1.30,01,-.28,01,-1.56,01,9900.00,99,9900.00,99
1998,2,11,7,0,-1.29,01,-.30,01,-1.62,01,9900.00,99,9900.00,99
1998,2,11,7,5,-1.24,01,-.31,01,-1.64,01,9900.00,99,9900.00,99
1998,2,11,7,10,.28,01,-.14,01,-.14,01,9900.00,99,9900.00,99
1998,2,11,7,15,2.74,01,-.30,01,2.43,01,9900.00,99,9900.00,99
1998,2,11,7,20,.76,01,-.27,01,.27,01,9900.00,99,9900.00,99
1998,2,11,7,25,2.83,01,-.21,01,2.53,01,9900.00,99,9900.00,99
1998,2,11,7,30,6.19,01,-.34,01,6.14,01,9900.00,99,9900.00,99
1998,2,11,7,35,9.83,01,-.31,01,9.17,01,9900.00,99,9900.00,99
1998,2,11,7,40,14.07,01,-.30,01,13.22,01,9900.00,99,9900.00,99
1998,2,11,7,45,17.31,01,-.35,01,16.31,01,9900.00,99,9900.00,99
1998,2,11,7,50,19.37,01,-.37,01,18.42,01,9900.00,99,9900.00,99
1998,2,11,7,55,19.79,01,-.41,01,18.77,01,9900.00,99,9900.00,99
1998,2,11,8,0,20.89,01,-.41,01,19.98,01,9900.00,99,9900.00,99
1998,2,11,8,5,24.49,01,-.37,01,23.36,01,9900.00,99,9900.00,99
1998,2,11,8,10,26.67,01,-.42,01,25.70,01,9900.00,99,9900.00,99
1998,2,11,8,15,26.34,01,-.46,01,25.05,01,9900.00,99,9900.00,99
1998,2,11,8,20,28.81,03,-.48,03,27.33,03,9900.00,99,9900.00,99
1998,2,11,8,25,35.55,03,-.52,03,34.12,03,9900.00,99,9900.00,99
1998,2,11,8,30,40.49,03,-.53,03,38.97,03,9900.00,99,9900.00,99
1998,2,11,8,35,42.60,03,-.48,03,41.02,03,9900.00,99,9900.00,99
1998,2,11,8,40,40.26,03,-.55,03,38.87,03,9900.00,99,9900.00,99
1998,2,11,8,45,37.02,03,-.55,03,35.13,03,9900.00,99,9900.00,99
1998,2,11,8,50,41.22,03,-.46,03,39.62,03,9900.00,99,9900.00,99
1998,2,11,8,55,41.85,03,-.43,03,39.81,03,9900.00,99,9900.00,99
1998,2,11,9,0,48.62,03,-.51,03,46.45,03,9900.00,99,9900.00,99
1998,2,11,9,5,53.89,03,-.44,03,51.78,03,9900.00,99,9900.00,99
1998,2,11,9,10,57.87,03,-.48,03,55.53,03,9900.00,99,9900.00,99
1998,2,11,9,15,58.50,03,-.57,03,55.93,03,9900.00,99,9900.00,99
1998,2,11,9,20,61.84,03,-.42,03,59.48,03,9900.00,99,9900.00,99
1998,2,11,9,25,62.14,03,-.54,03,60.00,03,9900.00,99,9900.00,99
1998,2,11,9,30,62.53,03,-.71,03,60.18,03,9900.00,99,9900.00,99
1998,2,11,9,35,72.06,03,-.70,03,68.78,03,9900.00,99,9900.00,99
1998,2,11,9,40,75.15,03,-.69,03,71.11,03,9900.00,99,9900.00,99
1998,2,11,9,45,75.90,03,-.66,03,71.58,03,9900.00,99,9900.00,99
1998,2,11,9,50,98.59,03,-.73,03,93.42,03,9900.00,99,9900.00,99
1998,2,11,9,55,91.06,03,-.81,03,85.73,03,9900.00,99,9900.00,99
1998,2,11,10,0,87.66,03,-.76,03,81.64,03,9900.00,99,9900.00,99
1998,2,11,10,5,119.07,03,-.72,03,111.56,03,9900.00,99,9900.00,99
1998,2,11,10,10,90.34,03,-.80,03,85.25,03,9900.00,99,9900.00,99
1998,2,11,10,15,79.83,03,-.96,03,75.33,03,9900.00,99,9900.00,99
1998,2,11,10,20,96.26,03,-.97,03,90.13,03,9900.00,99,9900.00,99
1998,2,11,10,25,217.93,15,-.59,14,196.37,14,9900.00,99,9900.00,99
1998,2,11,10,30,218.94,03,-.91,03,205.08,03,9900.00,99,9900.00,99
1998,2,11,10,35,190.48,03,-.93,03,181.81,03,9900.00,99,9900.00,99
1998,2,11,10,40,220.77,03,-1.09,03,208.90,03,9900.00,99,9900.00,99
1998,2,11,10,45,348.03,03,-.75,03,336.14,03,9900.00,99,9900.00,99
1998,2,11,10,50,533.45,63,-.10,62,415.32,62,9900.00,99,9900.00,99
1998,2,11,10,55,298.57,03,-1.15,03,283.32,03,9900.00,99,9900.00,99
1998,2,11,11,0,396.38,03,-1.31,03,385.14,03,9900.00,99,9900.00,99
1998,2,11,11,5,384.94,03,-1.39,03,380.28,03,9900.00,99,9900.00,99
1998,2,11,11,10,428.97,23,-1.14,22,376.47,22,9900.00,99,9900.00,99
1998,2,11,11,15,409.35,03,-1.32,03,390.28,03,9900.00,99,9900.00,99
1998,2,11,11,20,383.13,15,-1.33,14,350.41,14,9900.00,99,9900.00,99
1998,2,11,11,25,527.10,55,-1.02,54,412.28,54,9900.00,99,9900.00,99
1998,2,11,11,30,331.88,15,-1.49,14,296.50,14,9900.00,99,9900.00,99
1998,2,11,11,35,423.80,31,-1.11,30,355.35,30,9900.00,99,9900.00,99
1998,2,11,11,40,323.38,11,-1.23,10,302.29,10,9900.00,99,9900.00,99
1998,2,11,11,45,270.66,03,-1.05,03,253.91,03,9900.00,99,9900.00,99
1998,2,11,11,50,310.29,15,-.98,14,276.47,14,9900.00,99,9900.00,99
1998,2,11,11,55,299.08,03,-.86,03,283.42,03,9900.00,99,9900.00,99
1998,2,11,12,0,394.91,19,-.68,18,350.69,18,9900.00,99,9900.00,99
1998,2,11,12,5,278.91,15,-1.07,14,242.99,14,9900.00,99,9900.00,99
1998,2,11,12,10,159.75,03,-1.59,03,155.49,03,9900.00,99,9900.00,99
1998,2,11,12,15,271.22,03,-1.27,03,264.58,03,9900.00,99,9900.00,99
1998,2,11,12,20,264.57,03,-1.04,03,254.13,03,9900.00,99,9900.00,99
1998,2,11,12,25,195.04,03,-1.33,03,191.36,03,9900.00,99,9900.00,99
1998,2,11,12,30,164.31,03,-1.22,03,160.87,03,9900.00,99,9900.00,99
1998,2,11,12,35,149.62,03,-1.22,03,146.82,03,9900.00,99,9900.00,99
1998,2,11,12,40,128.00,03,-1.16,03,125.25,03,9900.00,99,9900.00,99
1998,2,11,12,45,97.90,03,-1.20,03,95.32,03,9900.00,99,9900.00,99
1998,2,11,12,50,86.63,03,-1.11,03,84.51,03,9900.00,99,9900.00,99
1998,2,11,12,55,180.48,03,-.80,03,175.86,03,9900.00,99,9900.00,99
1998,2,11,13,0,215.36,03,-.69,03,210.61,03,9900.00,99,9900.00,99
1998,2,11,13,5,202.51,03,-.85,03,197.74,03,9900.00,99,9900.00,99
1998,2,11,13,10,166.59,03,-1.00,03,163.52,03,9900.00,99,9900.00,99
1998,2,11,13,15,125.19,03,-1.16,03,122.15,03,9900.00,99,9900.00,99
1998,2,11,13,20,103.75,03,-1.23,03,101.76,03,9900.00,99,9900.00,99
1998,2,11,13,25,68.05,03,-1.40,03,66.13,03,9900.00,99,9900.00,99
1998,2,11,13,30,65.93,03,-1.20,03,63.41,03,9900.00,99,9900.00,99
1998,2,11,13,35,89.47,03,-1.10,03,86.33,03,9900.00,99,9900.00,99
1998,2,11,13,40,109.18,03,-.83,03,105.84,03,9900.00,99,9900.00,99
1998,2,11,13,45,93.82,03,-.55,03,90.90,03,9900.00,99,9900.00,99
1998,2,11,13,50,82.81,03,-.32,03,80.10,03,9900.00,99,9900.00,99
1998,2,11,13,55,101.08,03,.05,03,97.51,03,9900.00,99,9900.00,99
1998,2,11,14,0,107.24,03,0.00,03,103.72,03,9900.00,99,9900.00,99
1998,2,11,14,5,103.16,03,0.00,03,99.83,03,9900.00,99,9900.00,99
1998,2,11,14,10,158.76,03,.01,03,152.06,03,9900.00,99,9900.00,99
1998,2,11,14,15,341.28,11,.28,10,323.86,10,9900.00,99,9900.00,99
1998,2,11,14,20,293.14,11,.30,10,267.57,10,9900.00,99,9900.00,99
1998,2,11,14,25,300.21,03,-.03,03,286.96,03,9900.00,99,9900.00,99
1998,2,11,14,30,239.62,03,-.09,03,227.97,03,9900.00,99,9900.00,99
1998,2,11,14,35,234.08,03,-.42,03,227.74,03,9900.00,99,9900.00,99
1998,2,11,14,40,153.20,03,-.62,03,148.00,03,9900.00,99,9900.00,99
1998,2,11,14,45,220.34,11,-.57,10,201.46,10,9900.00,99,9900.00,99
1998,2,11,14,50,151.91,03,-.98,03,147.85,03,9900.00,99,9900.00,99
1998,2,11,14,55,176.35,03,-.81,03,172.78,03,9900.00,99,9900.00,99
1998,2,11,15,0,199.04,03,-.84,03,193.57,03,9900.00,99,9900.00,99
1998,2,11,15,5,183.92,03,-1.37,03,175.24,03,9900.00,99,9900.00,99
1998,2,11,15,10,235.20,03,-1.93,03,222.44,03,9900.00,99,9900.00,99
1998,2,11,15,15,151.01,03,-1.89,03,147.59,03,9900.00,99,9900.00,99
1998,2,11,15,20,182.61,03,-1.17,03,175.21,03,9900.00,99,9900.00,99
1998,2,11,15,25,212.32,03,-1.11,03,200.07,03,9900.00,99,9900.00,99
1998,2,11,15,30,193.23,11,-1.11,10,179.20,10,9900.00,99,9900.00,99
1998,2,11,15,35,298.34,31,-.90,30,253.55,30,9900.00,99,9900.00,99
1998,2,11,15,40,245.97,03,-1.07,03,238.41,03,9900.00,99,9900.00,99
1998,2,11,15,45,413.00,91,-.62,90,222.70,90,9900.00,99,9900.00,99
1998,2,11,15,50,397.41,91,-1.15,90,126.62,90,9900.00,99,9900.00,99
1998,2,11,15,55,191.20,39,-1.18,38,140.52,38,9900.00,99,9900.00,99
1998,2,11,16,0,289.31,91,-.43,90,152.75,90,9900.00,99,9900.00,99
1998,2,11,16,5,185.06,43,-.75,42,133.49,42,9900.00,99,9900.00,99
1998,2,11,16,10,247.01,91,-.27,90,142.34,90,9900.00,99,9900.00,99
1998,2,11,16,15,192.14,31,-.65,30,157.26,30,9900.00,99,9900.00,99
1998,2,11,16,20,245.26,75,-.42,74,165.13,74,9900.00,99,9900.00,99
1998,2,11,16,25,176.57,59,-1.07,58,117.47,58,9900.00,99,9900.00,99
1998,2,11,16,30,153.86,27,-.77,26,128.81,26,9900.00,99,9900.00,99
1998,2,11,16,35,97.30,03,-1.11,03,90.20,03,9900.00,99,9900.00,99
1998,2,11,16,40,132.93,03,-1.10,03,132.61,03,9900.00,99,9900.00,99
1998,2,11,16,45,124.25,31,-1.05,30,96.27,30,9900.00,99,9900.00,99
1998,2,11,16,50,74.57,03,-.92,03,69.11,03,9900.00,99,9900.00,99
1998,2,11,16,55,48.92,03,-.89,03,46.39,03,9900.00,99,9900.00,99
1998,2,11,17,0,49.02,03,-.64,03,46.68,03,9900.00,99,9900.00,99
1998,2,11,17,5,58.07,01,-.28,01,54.75,01,9900.00,99,9900.00,99
1998,2,11,17,10,62.48,01,-.13,01,58.54,01,9900.00,99,9900.00,99
1998,2,11,17,15,47.91,01,-.25,01,44.53,01,9900.00,99,9900.00,99
1998,2,11,17,20,31.92,01,-.66,01,30.08,01,9900.00,99,9900.00,99
1998,2,11,17,25,35.44,01,-.62,01,33.98,01,9900.00,99,9900.00,99
1998,2,11,17,30,37.91,01,-.49,01,34.05,01,9900.00,99,9900.00,99
1998,2,11,17,35,23.79,01,-.41,01,22.05,01,9900.00,99,9900.00,99
1998,2,11,17,40,19.93,01,-.43,01,18.64,01,9900.00,99,9900.00,99
1998,2,11,17,45,14.39,01,-.51,01,13.46,01,9900.00,99,9900.00,99
1998,2,11,17,50,8.67,01,-.57,01,7.92,01,9900.00,99,9900.00,99
1998,2,11,17,55,4.38,01,-.62,01,4.40,01,9900.00,99,9900.00,99
1998,2,11,18,0,2.06,01,-.40,01,2.11,01,9900.00,99,9900.00,99
1998,2,11,18,5,.34,01,-.32,01,.38,01,9900.00,99,9900.00,99
1998,2,11,18,10,-1.19,01,-.31,01,-1.09,01,9900.00,99,9900.00,99
1998,2,11,18,15,-2.05,01,-.30,01,-1.80,01,9900.00,99,9900.00,99
1998,2,11,18,20,-2.54,01,-.26,01,-2.05,01,9900.00,99,9900.00,99
1998,2,11,18,25,-2.45,01,-.26,01,-1.99,01,9900.00,99,9900.00,99
1998,2,11,18,30,-2.69,01,-.35,01,-2.33,01,9900.00,99,9900.00,99
1998,2,11,18,35,-3.57,01,-.55,01,-3.46,01,9900.00,99,9900.00,99
1998,2,11,18,40,-3.31,01,-.61,01,-3.19,01,9900.00,99,9900.00,99
1998,2,11,18,45,-3.09,01,-.68,01,-2.91,01,9900.00,99,9900.00,99
1998,2,11,18,50,-3.80,01,-.74,01,-3.54,01,9900.00,99,9900.00,99
1998,2,11,18,55,-3.34,01,-.56,01,-3.27,01,9900.00,99,9900.00,99
1998,2,11,19,0,-2.98,01,-.46,01,-3.03,01,9900.00,99,9900.00,99
1998,2,11,19,5,-3.43,01,-.60,01,-3.34,01,9900.00,99,9900.00,99
1998,2,11,19,10,-3.42,01,-.52,01,-3.36,01,9900.00,99,9900.00,99
1998,2,11,19,15,-2.94,01,-.44,01,-3.02,01,9900.00,99,9900.00,99
1998,2,11,19,20,-3.19,01,-.35,01,-3.17,01,9900.00,99,9900.00,99
1998,2,11,19,25,-3.43,01,-.55,01,-3.30,01,9900.00,99,9900.00,99
1998,2,11,19,30,-3.49,01,-.46,01,-3.32,01,9900.00,99,9900.00,99
1998,2,11,19,35,-3.59,01,-.56,01,-3.34,01,9900.00,99,9900.00,99
1998,2,11,19,40,-3.43,01,-.50,01,-3.32,01,9900.00,99,9900.00,99
1998,2,11,19,45,-3.05,01,-.33,01,-3.09,01,9900.00,99,9900.00,99
1998,2,11,19,50,-3.10,01,-.44,01,-2.93,01,9900.00,99,9900.00,99
1998,2,11,19,55,-3.42,01,-.53,01,-3.21,01,9900.00,99,9900.00,99
1998,2,11,20,0,-3.16,01,-.53,01,-3.17,01,9900.00,99,9900.00,99
1998,2,11,20,5,-3.02,01,-.49,01,-3.16,01,9900.00,99,9900.00,99
1998,2,11,20,10,-3.00,01,-.41,01,-3.00,01,9900.00,99,9900.00,99
1998,2,11,20,15,-2.63,01,-.37,01,-2.45,01,9900.00,99,9900.00,99
1998,2,11,20,20,-3.00,01,-.44,01,-2.90,01,9900.00,99,9900.00,99
1998,2,11,20,25,-3.62,01,-.61,01,-3.54,01,9900.00,99,9900.00,99
1998,2,11,20,30,-3.07,01,-.44,01,-2.95,01,9900.00,99,9900.00,99
1998,2,11,20,35,-2.27,01,-.22,01,-2.02,01,9900.00,99,9900.00,99
1998,2,11,20,40,-1.68,01,-.03,01,-1.62,01,9900.00,99,9900.00,99
1998,2,11,20,45,-.22,01,.05,01,0.00,01,9900.00,99,9900.00,99
1998,2,11,20,50,.33,01,.01,01,.38,01,9900.00,99,9900.00,99
1998,2,11,20,55,-1.06,01,-.87,01,-1.08,01,9900.00,99,9900.00,99
1998,2,11,21,0,-1.33,01,-1.17,01,-1.47,01,9900.00,99,9900.00,99
1998,2,11,21,5,-1.06,01,-1.16,01,-1.21,01,9900.00,99,9900.00,99
1998,2,11,21,10,-1.40,01,-1.08,01,-1.87,01,9900.00,99,9900.00,99
1998,2,11,21,15,-1.14,01,-.95,01,-1.52,01,9900.00,99,9900.00,99
1998,2,11,21,20,-.57,01,-.55,01,-1.07,01,9900.00,99,9900.00,99
1998,2,11,21,25,-.26,01,-.45,01,-.80,01,9900.00,99,9900.00,99
1998,2,11,21,30,-.53,01,-.48,01,-1.03,01,9900.00,99,9900.00,99
1998,2,11,21,35,-.68,01,-.60,01,-1.19,01,9900.00,99,9900.00,99
1998,2,11,21,40,-.59,01,-.44,01,-1.12,01,9900.00,99,9900.00,99
1998,2,11,21,45,-.51,01,-.32,01,-.93,01,9900.00,99,9900.00,99
1998,2,11,21,50,-.63,01,-.40,01,-1.04,01,9900.00,99,9900.00,99
1998,2,11,21,55,-.98,01,-.35,01,-1.21,01,9900.00,99,9900.00,99
1998,2,11,22,0,-1.35,01,-.37,01,-1.37,01,9900.00,99,9900.00,99
1998,2,11,22,5,-.81,01,-.24,01,-1.18,01,9900.00,99,9900.00,99
1998,2,11,22,10,-.92,01,-.43,01,-1.26,01,9900.00,99,9900.00,99
1998,2,11,22,15,-2.11,01,-.67,01,-2.46,01,9900.00,99,9900.00,99
1998,2,11,22,20,-1.06,01,-.42,01,-1.38,01,9900.00,99,9900.00,99
1998,2,11,22,25,-.74,01,-.22,01,-1.15,01,9900.00,99,9900.00,99
1998,2,11,22,30,-.73,01,-.14,01,-1.15,01,9900.00,99,9900.00,99
1998,2,11,22,35,-1.32,01,-.42,01,-1.74,01,9900.00,99,9900.00,99
1998,2,11,22,40,-2.25,01,-.69,01,-2.77,01,9900.00,99,9900.00,99
1998,2,11,22,45,-2.06,01,-.62,01,-2.60,01,9900.00,99,9900.00,99
1998,2,11,22,50,-1.18,01,-.42,01,-1.70,01,9900.00,99,9900.00,99
1998,2,11,22,55,-1.00,01,-.37,01,-1.47,01,9900.00,99,9900.00,99
1998,2,11,23,0,-.72,01,-.33,01,-1.19,01,9900.00,99,9900.00,99
1998,2,11,23,5,-.86,01,-.32,01,-1.28,01,9900.00,99,9900.00,99
1998,2,11,23,10,-.52,01,-.26,01,-1.16,01,9900.00,99,9900.00,99
1998,2,11,23,15,-.63,01,-.25,01,-1.19,01,9900.00,99,9900.00,99
1998,2,11,23,20,-.94,01,-.21,01,-1.28,01,9900.00,99,9900.00,99
1998,2,11,23,25,-1.23,01,-.28,01,-1.81,01,9900.00,99,9900.00,99
1998,2,11,23,30,-1.39,01,-.32,01,-1.98,01,9900.00,99,9900.00,99
1998,2,11,23,35,-2.01,01,-.39,01,-2.52,01,9900.00,99,9900.00,99
1998,2,11,23,40,-1.66,01,-.33,01,-2.15,01,9900.00,99,9900.00,99
1998,2,11,23,45,-1.32,01,-.13,01,-1.84,01,9900.00,99,9900.00,99
1998,2,11,23,50,-1.02,01,-.10,01,-1.30,01,9900.00,99,9900.00,99
1998,2,11,23,55,-.90,01,-.24,01,-1.20,01,9900.00,99,9900.00,99
1998,2,12,0,0,-.73,01,-.16,01,-1.17,01,9900.00,99,9900.00,99
1998,2,12,0,5,-.69,01,-.23,01,-1.19,01,9900.00,99,9900.00,99
1998,2,12,0,10,-.73,01,-.22,01,-1.19,01,9900.00,99,9900.00,99
1998,2,12,0,15,-.44,01,-.06,01,-.86,01,9900.00,99,9900.00,99
1998,2,12,0,20,-.02,01,-.05,01,-.25,01,9900.00,99,9900.00,99
1998,2,12,0,25,.01,01,-.13,01,-.14,01,9900.00,99,9900.00,99
1998,2,12,0,30,.01,01,-.29,01,-.04,01,9900.00,99,9900.00,99
1998,2,12,0,35,0.00,01,-.34,01,0.00,01,9900.00,99,9900.00,99
1998,2,12,0,40,-.05,01,-.30,01,.01,01,9900.00,99,9900.00,99
1998,2,12,0,45,-.11,01,-.37,01,-.05,01,9900.00,99,9900.00,99
1998,2,12,0,50,-.16,01,-.36,01,-.05,01,9900.00,99,9900.00,99
1998,2,12,0,55,-.12,01,-.39,01,-.05,01,9900.00,99,9900.00,99
1998,2,12,1,0,-.04,01,-.36,01,.01,01,9900.00,99,9900.00,99
1998,2,12,1,5,-.20,01,-.42,01,-.05,01,9900.00,99,9900.00,99
1998,2,12,1,10,-.22,01,-.41,01,-.15,01,9900.00,99,9900.00,99
1998,2,12,1,15,-.13,01,-.38,01,-.07,01,9900.00,99,9900.00,99
1998,2,12,1,20,-.07,01,-.38,01,-.11,01,9900.00,99,9900.00,99
1998,2,12,1,25,-.13,01,-.42,01,-.20,01,9900.00,99,9900.00,99
1998,2,12,1,30,-.14,01,-.34,01,-.25,01,9900.00,99,9900.00,99
1998,2,12,1,35,-.01,01,-.37,01,-.07,01,9900.00,99,9900.00,99
1998,2,12,1,40,-.12,01,-.43,01,-.37,01,9900.00,99,9900.00,99
1998,2,12,1,45,-.09,01,-.37,01,-.34,01,9900.00,99,9900.00,99
1998,2,12,1,50,-.02,01,-.37,01,-.26,01,9900.00,99,9900.00,99
1998,2,12,1,55,-.05,01,-.37,01,-.34,01,9900.00,99,9900.00,99
1998,2,12,2,0,-.07,01,-.41,01,-.44,01,9900.00,99,9900.00,99
1998,2,12,2,5,-.09,01,-.41,01,-.48,01,9900.00,99,9900.00,99
1998,2,12,2,10,-.02,01,-.37,01,-.49,01,9900.00,99,9900.00,99
1998,2,12,2,15,-.06,01,-.37,01,-.40,01,9900.00,99,9900.00,99
1998,2,12,2,20,-.17,01,-.38,01,-.60,01,9900.00,99,9900.00,99
1998,2,12,2,25,-.07,01,-.28,01,-.46,01,9900.00,99,9900.00,99
1998,2,12,2,30,-.10,01,-.30,01,-.40,01,9900.00,99,9900.00,99
1998,2,12,2,35,-.04,01,-.12,01,-.05,01,9900.00,99,9900.00,99
1998,2,12,2,40,-.28,01,-.27,01,-.32,01,9900.00,99,9900.00,99
1998,2,12,2,45,-.65,01,-.40,01,-.67,01,9900.00,99,9900.00,99
1998,2,12,2,50,-.50,01,-.41,01,-.53,01,9900.00,99,9900.00,99
1998,2,12,2,55,-.54,01,-.41,01,-.58,01,9900.00,99,9900.00,99
1998,2,12,3,0,-.66,01,-.52,01,-.85,01,9900.00,99,9900.00,99
1998,2,12,3,5,-.41,01,-.41,01,-.68,01,9900.00,99,9900.00,99
1998,2,12,3,10,-.15,01,-.37,01,-.46,01,9900.00,99,9900.00,99
1998,2,12,3,15,-.44,01,-.40,01,-.70,01,9900.00,99,9900.00,99
1998,2,12,3,20,-.31,01,-.39,01,-.59,01,9900.00,99,9900.00,99
1998,2,12,3,25,-.10,01,-.33,01,-.44,01,9900.00,99,9900.00,99
1998,2,12,3,30,-.17,01,-.37,01,-.60,01,9900.00,99,9900.00,99
1998,2,12,3,35,-.29,01,-.43,01,-.75,01,9900.00,99,9900.00,99
1998,2,12,3,40,-.11,01,-.36,01,-.52,01,9900.00,99,9900.00,99
1998,2,12,3,45,-.02,01,-.31,01,-.30,01,9900.00,99,9900.00,99
1998,2,12,3,50,-.04,01,-.36,01,-.41,01,9900.00,99,9900.00,99
1998,2,12,3,55,-.10,01,-.41,01,-.63,01,9900.00,99,9900.00,99
1998,2,12,4,0,-.18,01,-.44,01,-.83,01,9900.00,99,9900.00,99
1998,2,12,4,5,-.19,01,-.40,01,-.75,01,9900.00,99,9900.00,99
1998,2,12,4,10,-.32,01,-.45,01,-.86,01,9900.00,99,9900.00,99
1998,2,12,4,15,-.15,01,-.39,01,-.72,01,9900.00,99,9900.00,99
1998,2,12,4,20,-.07,01,-.39,01,-.68,01,9900.00,99,9900.00,99
1998,2,12,4,25,-.12,01,-.39,01,-.78,01,9900.00,99,9900.00,99
1998,2,12,4,30,-.09,01,-.41,01,-.70,01,9900.00,99,9900.00,99
1998,2,12,4,35,-.44,01,-.53,01,-.94,01,9900.00,99,9900.00,99
1998,2,12,4,40,-1.01,01,-.94,01,-1.48,01,9900.00,99,9900.00,99
1998,2,12,4,45,-1.35,01,-.71,01,-1.98,01,9900.00,99,9900.00,99
1998,2,12,4,50,-1.46,01,-.51,01,-1.94,01,9900.00,99,9900.00,99
1998,2,12,4,55,-.96,01,-.33,01,-1.26,01,9900.00,99,9900.00,99
1998,2,12,5,0,-.76,01,-.48,01,-1.20,01,9900.00,99,9900.00,99
1998,2,12,5,5,-1.25,01,-.75,01,-1.91,01,9900.00,99,9900.00,99
1998,2,12,5,10,-1.33,01,-.75,01,-1.99,01,9900.00,99,9900.00,99
1998,2,12,5,15,-1.35,01,-.66,01,-1.99,01,9900.00,99,9900.00,99
1998,2,12,5,20,-1.13,01,-.58,01,-1.89,01,9900.00,99,9900.00,99
1998,2,12,5,25,-1.00,01,-.46,01,-1.61,01,9900.00,99,9900.00,99
1998,2,12,5,30,-.80,01,-.42,01,-1.26,01,9900.00,99,9900.00,99
1998,2,12,5,35,-.71,01,-.39,01,-1.21,01,9900.00,99,9900.00,99
1998,2,12,5,40,-.68,01,-.33,01,-1.20,01,9900.00,99,9900.00,99
1998,2,12,5,45,-.67,01,-.33,01,-1.21,01,9900.00,99,9900.00,99
1998,2,12,5,50,-.72,01,-.32,01,-1.19,01,9900.00,99,9900.00,99
1998,2,12,5,55,-.83,01,-.22,01,-1.21,01,9900.00,99,9900.00,99
1998,2,12,6,0,-.85,01,-.33,01,-1.21,01,9900.00,99,9900.00,99
1998,2,12,6,5,-.71,01,-.44,01,-1.19,01,9900.00,99,9900.00,99
1998,2,12,6,10,-.53,01,-.56,01,-1.19,01,9900.00,99,9900.00,99
1998,2,12,6,15,-.52,01,-.48,01,-1.19,01,9900.00,99,9900.00,99
1998,2,12,6,20,-.59,01,-.31,01,-1.19,01,9900.00,99,9900.00,99
1998,2,12,6,25,-.65,01,-.17,01,-1.19,01,9900.00,99,9900.00,99
1998,2,12,6,30,-.69,01,-.03,01,-1.20,01,9900.00,99,9900.00,99
1998,2,12,6,35,-.76,01,-.01,01,-1.21,01,9900.00,99,9900.00,99
1998,2,12,6,40,-.90,01,0.00,01,-1.25,01,9900.00,99,9900.00,99
1998,2,12,6,45,-.91,01,-.02,01,-1.28,01,9900.00,99,9900.00,99
1998,2,12,6,50,-.74,01,-.01,01,-1.19,01,9900.00,99,9900.00,99
1998,2,12,6,55,-.72,01,-.04,01,-1.19,01,9900.00,99,9900.00,99
1998,2,12,7,0,-.72,01,-.08,01,-1.19,01,9900.00,99,9900.00,99
1998,2,12,7,5,-.70,01,-.16,01,-1.19,01,9900.00,99,9900.00,99
1998,2,12,7,10,-.68,01,-.24,01,-1.19,01,9900.00,99,9900.00,99
1998,2,12,7,15,-.60,01,-.35,01,-1.19,01,9900.00,99,9900.00,99
1998,2,12,7,20,-.02,01,-.42,01,-1.06,01,9900.00,99,9900.00,99
1998,2,12,7,25,.93,01,-.40,01,.13,01,9900.00,99,9900.00,99
1998,2,12,7,30,2.60,01,-.39,01,1.88,01,9900.00,99,9900.00,99
1998,2,12,7,35,4.73,01,-.35,01,4.43,01,9900.00,99,9900.00,99
1998,2,12,7,40,6.97,01,-.30,01,6.88,01,9900.00,99,9900.00,99
1998,2,12,7,45,10.37,01,-.13,01,9.25,01,9900.00,99,9900.00,99
1998,2,12,7,50,11.46,01,-.01,01,11.42,01,9900.00,99,9900.00,99
1998,2,12,7,55,12.32,01,0.00,01,11.00,01,9900.00,99,9900.00,99
1998,2,12,8,0,9.39,01,0.00,01,8.46,01,9900.00,99,9900.00,99
1998,2,12,8,5,7.64,01,-.01,01,7.45,01,9900.00,99,9900.00,99
1998,2,12,8,10,7.82,01,-.01,01,7.68,01,9900.00,99,9900.00,99
1998,2,12,8,15,9.47,01,-.09,01,8.74,01,9900.00,99,9900.00,99
1998,2,12,8,20,10.52,09,-.19,09,9.68,09,9900.00,99,9900.00,99
1998,2,12,8,25,12.97,09,-.30,09,11.92,09,9900.00,99,9900.00,99
1998,2,12,8,30,15.31,09,-.34,09,14.30,09,9900.00,99,9900.00,99
1998,2,12,8,35,16.92,09,-.38,09,15.90,09,9900.00,99,9900.00,99
1998,2,12,8,40,16.31,09,-.40,09,15.19,09,9900.00,99,9900.00,99
1998,2,12,8,45,16.55,09,-.53,09,15.42,09,9900.00,99,9900.00,99
1998,2,12,8,50,21.54,09,-.41,09,20.37,09,9900.00,99,9900.00,99
1998,2,12,8,55,24.25,09,-.37,09,22.90,09,9900.00,99,9900.00,99
1998,2,12,9,0,23.14,09,-.37,09,21.75,09,9900.00,99,9900.00,99
1998,2,12,9,5,23.89,09,-.43,09,22.63,09,9900.00,99,9900.00,99
1998,2,12,9,10,38.33,09,-.48,09,36.48,09,9900.00,99,9900.00,99
1998,2,12,9,15,32.46,09,-.51,09,30.84,09,9900.00,99,9900.00,99
1998,2,12,9,20,35.05,09,-.50,09,33.27,09,9900.00,99,9900.00,99
1998,2,12,9,25,37.10,09,-.44,09,35.28,09,9900.00,99,9900.00,99
1998,2,12,9,30,48.39,03,-.41,03,46.12,03,9900.00,99,9900.00,99
1998,2,12,9,35,54.74,03,-.49,03,52.53,03,9900.00,99,9900.00,99
1998,2,12,9,40,67.66,03,-.51,03,65.21,03,9900.00,99,9900.00,99
1998,2,12,9,45,77.19,03,-.68,03,74.07,03,9900.00,99,9900.00,99
1998,2,12,9,50,84.11,03,-.77,03,81.13,03,9900.00,99,9900.00,99
1998,2,12,9,55,85.70,03,-.82,03,82.72,03,9900.00,99,9900.00,99
1998,2,12,10,0,69.14,03,-.82,03,66.31,03,9900.00,99,9900.00,99
1998,2,12,10,5,75.61,03,-.78,03,72.80,03,9900.00,99,9900.00,99
1998,2,12,10,10,69.56,03,-.77,03,66.80,03,9900.00,99,9900.00,99
1998,2,12,10,15,77.48,03,-.70,03,74.63,03,9900.00,99,9900.00,99
1998,2,12,10,20,98.81,03,-.68,03,95.28,03,9900.00,99,9900.00,99
1998,2,12,10,25,120.98,03,-.66,03,116.54,03,9900.00,99,9900.00,99
1998,2,12,10,30,123.38,03,-.78,03,119.37,03,9900.00,99,9900.00,99
1998,2,12,10,35,91.26,03,-.86,03,88.02,03,9900.00,99,9900.00,99
1998,2,12,10,40,83.57,03,-.79,03,80.65,03,9900.00,99,9900.00,99
1998,2,12,10,45,67.38,03,-.78,03,64.85,03,9900.00,99,9900.00,99
1998,2,12,10,50,64.61,03,-.73,03,62.26,03,9900.00,99,9900.00,99
1998,2,12,10,55,66.18,03,-.66,03,63.71,03,9900.00,99,9900.00,99
1998,2,12,11,0,61.70,03,-.62,03,59.12,03,9900.00,99,9900.00,99
1998,2,12,11,5,80.33,03,-.52,03,77.57,03,9900.00,99,9900.00,99
1998,2,12,11,10,78.97,03,-.60,03,75.98,03,9900.00,99,9900.00,99
1998,2,12,11,15,73.70,03,-.46,03,70.90,03,9900.00,99,9900.00,99
1998,2,12,11,20,62.93,03,-.29,03,60.27,03,9900.00,99,9900.00,99
1998,2,12,11,25,69.97,03,-.29,03,67.35,03,9900.00,99,9900.00,99
1998,2,12,11,30,70.81,03,-.12,03,68.15,03,9900.00,99,9900.00,99
1998,2,12,11,35,68.18,03,-.05,03,65.55,03,9900.00,99,9900.00,99
1998,2,12,11,40,65.44,03,-.01,03,62.91,03,9900.00,99,9900.00,99
1998,2,12,11,45,60.57,03,-.01,03,58.20,03,9900.00,99,9900.00,99
1998,2,12,11,50,61.31,03,-.01,03,58.78,03,9900.00,99,9900.00,99
1998,2,12,11,55,64.51,03,0.00,03,61.90,03,9900.00,99,9900.00,99
1998,2,12,12,0,57.41,03,0.00,03,54.87,03,9900.00,99,9900.00,99
1998,2,12,12,5,56.64,03,.01,03,54.29,03,9900.00,99,9900.00,99
1998,2,12,12,10,51.78,03,.02,03,49.70,03,9900.00,99,9900.00,99
1998,2,12,12,15,50.75,03,.16,03,48.60,03,9900.00,99,9900.00,99
1998,2,12,12,20,49.84,03,.28,03,47.48,03,9900.00,99,9900.00,99
1998,2,12,12,25,51.46,03,.24,03,49.22,03,9900.00,99,9900.00,99
1998,2,12,12,30,48.13,03,.10,03,45.84,03,9900.00,99,9900.00,99
1998,2,12,12,35,44.28,03,.04,03,42.10,03,9900.00,99,9900.00,99
1998,2,12,12,40,47.27,03,.01,03,45.27,03,9900.00,99,9900.00,99
1998,2,12,12,45,56.50,03,-.02,03,54.10,03,9900.00,99,9900.00,99
1998,2,12,12,50,62.35,03,.02,03,59.79,03,9900.00,99,9900.00,99
1998,2,12,12,55,65.63,03,-.03,03,63.07,03,9900.00,99,9900.00,99
1998,2,12,13,0,53.80,03,-.07,03,51.38,03,9900.00,99,9900.00,99
1998,2,12,13,5,47.60,03,-.09,03,45.66,03,9900.00,99,9900.00,99
1998,2,12,13,10,41.45,03,-.05,03,39.47,03,9900.00,99,9900.00,99
1998,2,12,13,15,37.22,03,-.04,03,35.38,03,9900.00,99,9900.00,99
1998,2,12,13,20,37.68,03,0.00,03,35.81,03,9900.00,99,9900.00,99
1998,2,12,13,25,34.12,03,0.00,03,32.39,03,9900.00,99,9900.00,99
1998,2,12,13,30,36.24,03,.01,03,34.35,03,9900.00,99,9900.00,99
1998,2,12,13,35,39.44,03,.01,03,37.43,03,9900.00,99,9900.00,99
1998,2,12,13,40,49.80,03,-.01,03,47.64,03,9900.00,99,9900.00,99
1998,2,12,13,45,59.06,03,-.02,03,56.68,03,9900.00,99,9900.00,99
1998,2,12,13,50,53.18,03,-.05,03,50.88,03,9900.00,99,9900.00,99
1998,2,12,13,55,56.66,03,-.17,03,54.49,03,9900.00,99,9900.00,99
1998,2,12,14,0,58.07,03,-.21,03,55.87,03,9900.00,99,9900.00,99
1998,2,12,14,5,52.56,03,-.30,03,50.28,03,9900.00,99,9900.00,99
1998,2,12,14,10,46.02,03,-.32,03,44.02,03,9900.00,99,9900.00,99
1998,2,12,14,15,42.84,03,-.33,03,40.75,03,9900.00,99,9900.00,99
1998,2,12,14,20,49.11,03,-.33,03,46.79,03,9900.00,99,9900.00,99
1998,2,12,14,25,44.49,03,-.24,03,41.95,03,9900.00,99,9900.00,99
1998,2,12,14,30,45.56,03,-.29,03,43.54,03,9900.00,99,9900.00,99
1998,2,12,14,35,42.63,03,-.26,03,40.71,03,9900.00,99,9900.00,99
1998,2,12,14,40,46.09,03,-.30,03,44.02,03,9900.00,99,9900.00,99
1998,2,12,14,45,35.13,03,-.35,03,33.09,03,9900.00,99,9900.00,99
1998,2,12,14,50,36.01,03,-.33,03,34.16,03,9900.00,99,9900.00,99
1998,2,12,14,55,38.26,03,-.27,03,36.49,03,9900.00,99,9900.00,99
1998,2,12,15,0,38.13,03,-.28,03,36.23,03,9900.00,99,9900.00,99
1998,2,12,15,5,45.06,03,-.30,03,42.94,03,9900.00,99,9900.00,99
1998,2,12,15,10,46.53,03,-.29,03,44.26,03,9900.00,99,9900.00,99
1998,2,12,15,15,46.42,03,-.23,03,44.30,03,9900.00,99,9900.00,99
1998,2,12,15,20,60.20,03,-.14,03,57.69,03,9900.00,99,9900.00,99
1998,2,12,15,25,45.77,03,-.29,03,43.55,03,9900.00,99,9900.00,99
1998,2,12,15,30,37.05,03,-.20,03,35.21,03,9900.00,99,9900.00,99
1998,2,12,15,35,32.47,03,-.25,03,30.64,03,9900.00,99,9900.00,99
1998,2,12,15,40,31.48,09,-.21,09,29.65,09,9900.00,99,9900.00,99
1998,2,12,15,45,23.13,09,-.24,09,21.48,09,9900.00,99,9900.00,99
1998,2,12,15,50,21.40,09,-.24,09,19.93,09,9900.00,99,9900.00,99
1998,2,12,15,55,20.67,09,-.26,09,19.14,09,9900.00,99,9900.00,99
1998,2,12,16,0,20.62,09,-.30,09,19.17,09,9900.00,99,9900.00,99
1998,2,12,16,5,20.39,09,-.29,09,19.06,09,9900.00,99,9900.00,99
1998,2,12,16,10,18.75,09,-.33,09,17.37,09,9900.00,99,9900.00,99
1998,2,12,16,15,16.20,09,-.35,09,14.88,09,9900.00,99,9900.00,99
1998,2,12,16,20,17.77,09,-.34,09,16.49,09,9900.00,99,9900.00,99
1998,2,12,16,25,15.07,09,-.33,09,13.86,09,9900.00,99,9900.00,99
1998,2,12,16,30,13.76,09,-.38,09,12.49,09,9900.00,99,9900.00,99
1998,2,12,16,35,16.07,09,-.33,09,14.80,09,9900.00,99,9900.00,99
1998,2,12,16,40,15.37,09,-.34,09,14.13,09,9900.00,99,9900.00,99
1998,2,12,16,45,15.03,09,-.34,09,13.75,09,9900.00,99,9900.00,99
1998,2,12,16,50,14.22,09,-.38,09,12.84,09,9900.00,99,9900.00,99
1998,2,12,16,55,12.47,09,-.36,09,11.10,09,9900.00,99,9900.00,99
1998,2,12,17,0,12.19,09,-.37,09,10.91,09,9900.00,99,9900.00,99
1998,2,12,17,5,10.13,01,-.39,01,9.10,01,9900.00,99,9900.00,99
1998,2,12,17,10,8.74,01,-.35,01,7.97,01,9900.00,99,9900.00,99
1998,2,12,17,15,8.28,01,-.39,01,7.36,01,9900.00,99,9900.00,99
1998,2,12,17,20,7.70,01,-.37,01,7.57,01,9900.00,99,9900.00,99
1998,2,12,17,25,6.22,01,-.35,01,6.13,01,9900.00,99,9900.00,99
1998,2,12,17,30,5.51,01,-.37,01,5.03,01,9900.00,99,9900.00,99
1998,2,12,17,35,4.39,01,-.41,01,3.86,01,9900.00,99,9900.00,99
1998,2,12,17,40,3.46,01,-.41,01,3.26,01,9900.00,99,9900.00,99
1998,2,12,17,45,2.89,01,-.41,01,2.45,01,9900.00,99,9900.00,99
1998,2,12,17,50,2.15,01,-.41,01,1.34,01,9900.00,99,9900.00,99
1998,2,12,17,55,1.44,01,-.41,01,.79,01,9900.00,99,9900.00,99
1998,2,12,18,0,.82,01,-.41,01,.02,01,9900.00,99,9900.00,99
1998,2,12,18,5,.60,01,-.36,01,-.21,01,9900.00,99,9900.00,99
1998,2,12,18,10,.32,01,-.40,01,-.48,01,9900.00,99,9900.00,99
1998,2,12,18,15,.15,01,-.41,01,-.58,01,9900.00,99,9900.00,99
1998,2,12,18,20,.05,01,-.39,01,-.62,01,9900.00,99,9900.00,99
1998,2,12,18,25,.09,01,-.45,01,-.68,01,9900.00,99,9900.00,99
1998,2,12,18,30,.07,01,-.44,01,-.73,01,9900.00,99,9900.00,99
1998,2,12,18,35,.06,01,-.44,01,-.65,01,9900.00,99,9900.00,99
1998,2,12,18,40,.07,01,-.39,01,-.67,01,9900.00,99,9900.00,99
1998,2,12,18,45,.05,01,-.41,01,-.58,01,9900.00,99,9900.00,99
1998,2,12,18,50,.05,01,-.42,01,-.67,01,9900.00,99,9900.00,99
1998,2,12,18,55,.04,01,-.48,01,-.73,01,9900.00,99,9900.00,99
1998,2,12,19,0,.07,01,-.44,01,-.58,01,9900.00,99,9900.00,99
1998,2,12,19,5,.04,01,-.44,01,-.66,01,9900.00,99,9900.00,99
1998,2,12,19,10,.07,01,-.41,01,-.67,01,9900.00,99,9900.00,99
1998,2,12,19,15,.09,01,-.44,01,-.69,01,9900.00,99,9900.00,99
1998,2,12,19,20,.03,01,-.41,01,-.69,01,9900.00,99,9900.00,99
1998,2,12,19,25,.02,01,-.43,01,-.65,01,9900.00,99,9900.00,99
1998,2,12,19,30,.07,01,-.41,01,-.66,01,9900.00,99,9900.00,99
1998,2,12,19,35,.07,01,-.44,01,-.63,01,9900.00,99,9900.00,99
1998,2,12,19,40,.06,01,-.45,01,-.70,01,9900.00,99,9900.00,99
1998,2,12,19,45,.07,01,-.45,01,-.68,01,9900.00,99,9900.00,99
1998,2,12,19,50,.06,01,-.41,01,-.66,01,9900.00,99,9900.00,99
1998,2,12,19,55,.04,01,-.42,01,-.69,01,9900.00,99,9900.00,99
1998,2,12,20,0,.04,01,-.39,01,-.60,01,9900.00,99,9900.00,99
1998,2,12,20,5,.08,01,-.43,01,-.68,01,9900.00,99,9900.00,99
1998,2,12,20,10,.04,01,-.42,01,-.64,01,9900.00,99,9900.00,99
1998,2,12,20,15,.04,01,-.43,01,-.70,01,9900.00,99,9900.00,99
1998,2,12,20,20,.06,01,-.42,01,-.72,01,9900.00,99,9900.00,99
1998,2,12,20,25,.10,01,-.46,01,-.70,01,9900.00,99,9900.00,99
1998,2,12,20,30,.01,01,-.42,01,-.70,01,9900.00,99,9900.00,99
1998,2,12,20,35,.05,01,-.42,01,-.72,01,9900.00,99,9900.00,99
1998,2,12,20,40,.06,01,-.39,01,-.72,01,9900.00,99,9900.00,99
1998,2,12,20,45,.01,01,-.42,01,-.69,01,9900.00,99,9900.00,99
1998,2,12,20,50,.06,01,-.43,01,-.73,01,9900.00,99,9900.00,99
1998,2,12,20,55,.05,01,-.41,01,-.71,01,9900.00,99,9900.00,99
1998,2,12,21,0,.04,01,-.39,01,-.72,01,9900.00,99,9900.00,99
1998,2,12,21,5,.05,01,-.39,01,-.71,01,9900.00,99,9900.00,99
1998,2,12,21,10,.05,01,-.39,01,-.65,01,9900.00,99,9900.00,99
1998,2,12,21,15,.05,01,-.39,01,-.63,01,9900.00,99,9900.00,99
1998,2,12,21,20,.04,01,-.38,01,-.64,01,9900.00,99,9900.00,99
1998,2,12,21,25,.05,01,-.39,01,-.61,01,9900.00,99,9900.00,99
1998,2,12,21,30,.04,01,-.35,01,-.65,01,9900.00,99,9900.00,99
1998,2,12,21,35,.05,01,-.38,01,-.66,01,9900.00,99,9900.00,99
1998,2,12,21,40,.05,01,-.39,01,-.64,01,9900.00,99,9900.00,99
1998,2,12,21,45,.03,01,-.39,01,-.66,01,9900.00,99,9900.00,99
1998,2,12,21,50,.05,01,-.41,01,-.70,01,9900.00,99,9900.00,99
1998,2,12,21,55,.04,01,-.37,01,-.71,01,9900.00,99,9900.00,99
1998,2,12,22,0,.04,01,-.38,01,-.60,01,9900.00,99,9900.00,99
1998,2,12,22,5,.06,01,-.39,01,-.74,01,9900.00,99,9900.00,99
1998,2,12,22,10,0.00,01,-.42,01,-.81,01,9900.00,99,9900.00,99
1998,2,12,22,15,-.05,01,-.46,01,-.95,01,9900.00,99,9900.00,99
1998,2,12,22,20,-.38,01,-.53,01,-1.17,01,9900.00,99,9900.00,99
1998,2,12,22,25,-.55,01,-.62,01,-1.19,01,9900.00,99,9900.00,99
1998,2,12,22,30,-.68,01,-.64,01,-1.19,01,9900.00,99,9900.00,99
1998,2,12,22,35,-.62,01,-.72,01,-1.19,01,9900.00,99,9900.00,99
1998,2,12,22,40,-.50,01,-.60,01,-1.18,01,9900.00,99,9900.00,99
1998,2,12,22,45,-.08,01,-.48,01,-1.11,01,9900.00,99,9900.00,99
1998,2,12,22,50,-.04,01,-.46,01,-.88,01,9900.00,99,9900.00,99
1998,2,12,22,55,-.01,01,-.45,01,-.80,01,9900.00,99,9900.00,99
1998,2,12,23,0,-.21,01,-.54,01,-1.16,01,9900.00,99,9900.00,99
1998,2,12,23,5,-.15,01,-.53,01,-1.14,01,9900.00,99,9900.00,99
1998,2,12,23,10,-.12,01,-.49,01,-1.06,01,9900.00,99,9900.00,99
1998,2,12,23,15,.03,01,-.40,01,-.76,01,9900.00,99,9900.00,99
1998,2,12,23,20,.01,01,-.42,01,-.78,01,9900.00,99,9900.00,99
1998,2,12,23,25,-.06,01,-.49,01,-.95,01,9900.00,99,9900.00,99
1998,2,12,23,30,-.11,01,-.59,01,-1.04,01,9900.00,99,9900.00,99
1998,2,12,23,35,-.01,01,-.42,01,-.99,01,9900.00,99,9900.00,99
1998,2,12,23,40,-.01,01,-.42,01,-.87,01,9900.00,99,9900.00,99
1998,2,12,23,45,.05,01,-.41,01,-.71,01,9900.00,99,9900.00,99
1998,2,12,23,50,-.02,01,-.42,01,-.80,01,9900.00,99,9900.00,99
1998,2,12,23,55,-.05,01,-.46,01,-1.01,01,9900.00,99,9900.00,99
1998,2,13,0,0,.03,01,-.42,01,-.76,01,9900.00,99,9900.00,99
1998,2,13,0,5,.05,01,-.36,01,-.71,01,9900.00,99,9900.00,99
1998,2,13,0,10,.01,01,-.38,01,-.79,01,9900.00,99,9900.00,99
1998,2,13,0,15,.04,01,-.38,01,-.78,01,9900.00,99,9900.00,99
1998,2,13,0,20,.01,01,-.35,01,-.80,01,9900.00,99,9900.00,99
1998,2,13,0,25,0.00,01,-.30,01,-.80,01,9900.00,99,9900.00,99
1998,2,13,0,30,-.03,01,-.34,01,-.83,01,9900.00,99,9900.00,99
1998,2,13,0,35,.02,01,-.34,01,-.78,01,9900.00,99,9900.00,99
1998,2,13,0,40,.01,01,-.34,01,-.77,01,9900.00,99,9900.00,99
1998,2,13,0,45,.02,01,-.30,01,-.79,01,9900.00,99,9900.00,99
1998,2,13,0,50,.01,01,-.28,01,-.81,01,9900.00,99,9900.00,99
1998,2,13,0,55,0.00,01,-.35,01,-.81,01,9900.00,99,9900.00,99
1998,2,13,1,0,-.01,01,-.30,01,-.82,01,9900.00,99,9900.00,99
1998,2,13,1,5,-.09,01,-.36,01,-1.03,01,9900.00,99,9900.00,99
1998,2,13,1,10,-.03,01,-.29,01,-.90,01,9900.00,99,9900.00,99
1998,2,13,1,15,0.00,01,-.28,01,-.86,01,9900.00,99,9900.00,99
1998,2,13,1,20,-.01,01,-.26,01,-.83,01,9900.00,99,9900.00,99
1998,2,13,1,25,0.00,01,-.26,01,-.80,01,9900.00,99,9900.00,99
1998,2,13,1,30,-.03,01,-.26,01,-.85,01,9900.00,99,9900.00,99
1998,2,13,1,35,-.04,01,-.31,01,-1.08,01,9900.00,99,9900.00,99
1998,2,13,1,40,-.04,01,-.26,01,-1.01,01,9900.00,99,9900.00,99
1998,2,13,1,45,-.05,01,-.26,01,-.94,01,9900.00,99,9900.00,99
1998,2,13,1,50,-.21,01,-.32,01,-1.17,01,9900.00,99,9900.00,99
1998,2,13,1,55,-.20,01,-.39,01,-1.17,01,9900.00,99,9900.00,99
1998,2,13,2,0,-.06,01,-.28,01,-.97,01,9900.00,99,9900.00,99
1998,2,13,2,5,-.03,01,-.25,01,-1.00,01,9900.00,99,9900.00,99
1998,2,13,2,10,-.23,01,-.23,01,-1.13,01,9900.00,99,9900.00,99
1998,2,13,2,15,-.26,01,-.24,01,-1.18,01,9900.00,99,9900.00,99
1998,2,13,2,20,-.27,01,-.31,01,-1.18,01,9900.00,99,9900.00,99
1998,2,13,2,25,-.24,01,-.22,01,-1.19,01,9900.00,99,9900.00,99
1998,2,13,2,30,-.10,01,-.19,01,-1.14,01,9900.00,99,9900.00,99
1998,2,13,2,35,-.12,01,-.18,01,-1.06,01,9900.00,99,9900.00,99
1998,2,13,2,40,-.14,01,-.23,01,-1.13,01,9900.00,99,9900.00,99
1998,2,13,2,45,-.09,01,-.20,01,-1.10,01,9900.00,99,9900.00,99
1998,2,13,2,50,-.07,01,-.14,01,-1.02,01,9900.00,99,9900.00,99
1998,2,13,2,55,-.08,01,-.15,01,-1.09,01,9900.00,99,9900.00,99
1998,2,13,3,0,-.07,01,-.21,01,-1.09,01,9900.00,99,9900.00,99
1998,2,13,3,5,-.09,01,-.15,01,-1.03,01,9900.00,99,9900.00,99
1998,2,13,3,10,-.08,01,-.11,01,-1.01,01,9900.00,99,9900.00,99
1998,2,13,3,15,-.05,01,-.17,01,-1.08,01,9900.00,99,9900.00,99
1998,2,13,3,20,-.05,01,-.22,01,-.98,01,9900.00,99,9900.00,99
1998,2,13,3,25,-.06,01,-.23,01,-.97,01,9900.00,99,9900.00,99
1998,2,13,3,30,-.04,01,-.34,01,-.95,01,9900.00,99,9900.00,99
1998,2,13,3,35,-.01,01,-.42,01,-.83,01,9900.00,99,9900.00,99
1998,2,13,3,40,.03,01,-.44,01,-.78,01,9900.00,99,9900.00,99
1998,2,13,3,45,.04,01,-.37,01,-.71,01,9900.00,99,9900.00,99
1998,2,13,3,50,.04,01,-.37,01,-.64,01,9900.00,99,9900.00,99
1998,2,13,3,55,.08,01,-.36,01,-.67,01,9900.00,99,9900.00,99
1998,2,13,4,0,.07,01,-.33,01,-.61,01,9900.00,99,9900.00,99
1998,2,13,4,5,.02,01,-.37,01,-.60,01,9900.00,99,9900.00,99
1998,2,13,4,10,.05,01,-.35,01,-.74,01,9900.00,99,9900.00,99
1998,2,13,4,15,.05,01,-.35,01,-.72,01,9900.00,99,9900.00,99
1998,2,13,4,20,.01,01,-.38,01,-.77,01,9900.00,99,9900.00,99
1998,2,13,4,25,.05,01,-.35,01,-.73,01,9900.00,99,9900.00,99
1998,2,13,4,30,.07,01,-.33,01,-.74,01,9900.00,99,9900.00,99
1998,2,13,4,35,.01,01,-.32,01,-.72,01,9900.00,99,9900.00,99
1998,2,13,4,40,.03,01,-.35,01,-.76,01,9900.00,99,9900.00,99
1998,2,13,4,45,.01,01,-.32,01,-.78,01,9900.00,99,9900.00,99
1998,2,13,4,50,-.01,01,-.34,01,-.78,01,9900.00,99,9900.00,99
1998,2,13,4,55,-.02,01,-.30,01,-.84,01,9900.00,99,9900.00,99
1998,2,13,5,0,-.07,01,-.30,01,-.82,01,9900.00,99,9900.00,99
1998,2,13,5,5,-.08,01,-.23,01,-.92,01,9900.00,99,9900.00,99
1998,2,13,5,10,-.23,01,-.27,01,-1.02,01,9900.00,99,9900.00,99
1998,2,13,5,15,-.47,01,-.26,01,-1.16,01,9900.00,99,9900.00,99
1998,2,13,5,20,-.69,01,-.29,01,-1.19,01,9900.00,99,9900.00,99
1998,2,13,5,25,-.70,01,-.29,01,-1.19,01,9900.00,99,9900.00,99
1998,2,13,5,30,-.76,01,-.17,01,-1.20,01,9900.00,99,9900.00,99
1998,2,13,5,35,-.85,01,-.15,01,-1.30,01,9900.00,99,9900.00,99
1998,2,13,5,40,-1.09,01,-.21,01,-1.66,01,9900.00,99,9900.00,99
1998,2,13,5,45,-1.18,01,-.06,01,-1.89,01,9900.00,99,9900.00,99
1998,2,13,5,50,-1.28,01,-.07,01,-1.96,01,9900.00,99,9900.00,99
1998,2,13,5,55,-1.26,01,-.22,01,-1.97,01,9900.00,99,9900.00,99
1998,2,13,6,0,-1.32,01,-.14,01,-1.96,01,9900.00,99,9900.00,99
1998,2,13,6,5,-1.48,01,-.11,01,-2.04,01,9900.00,99,9900.00,99
1998,2,13,6,10,-1.58,01,-.13,01,-2.05,01,9900.00,99,9900.00,99
1998,2,13,6,15,-1.45,01,-.24,01,-1.99,01,9900.00,99,9900.00,99
1998,2,13,6,20,-1.38,01,-.16,01,-2.01,01,9900.00,99,9900.00,99
1998,2,13,6,25,-1.32,01,-.18,01,-1.96,01,9900.00,99,9900.00,99
1998,2,13,6,30,-1.38,01,-.24,01,-1.97,01,9900.00,99,9900.00,99
1998,2,13,6,35,-1.40,01,-.28,01,-1.96,01,9900.00,99,9900.00,99
1998,2,13,6,40,-1.44,01,-.31,01,-1.99,01,9900.00,99,9900.00,99
1998,2,13,6,45,-1.51,01,-.12,01,-2.02,01,9900.00,99,9900.00,99
1998,2,13,6,50,-1.55,01,-.08,01,-2.01,01,9900.00,99,9900.00,99
1998,2,13,6,55,-1.44,01,-.07,01,-1.98,01,9900.00,99,9900.00,99
1998,2,13,7,0,-1.35,01,-.05,01,-1.80,01,9900.00,99,9900.00,99
1998,2,13,7,5,-1.23,01,-.08,01,-1.64,01,9900.00,99,9900.00,99
1998,2,13,7,10,-1.17,01,-.04,01,-1.35,01,9900.00,99,9900.00,99
1998,2,13,7,15,-1.07,01,-.08,01,-1.20,01,9900.00,99,9900.00,99
1998,2,13,7,20,-.78,01,-.08,01,-1.19,01,9900.00,99,9900.00,99
1998,2,13,7,25,-.80,01,-.05,01,-1.15,01,9900.00,99,9900.00,99
1998,2,13,7,30,-.48,01,-.05,01,-.83,01,9900.00,99,9900.00,99
1998,2,13,7,35,.12,01,-.09,01,-.10,01,9900.00,99,9900.00,99
1998,2,13,7,40,.84,01,-.10,01,.66,01,9900.00,99,9900.00,99
1998,2,13,7,45,2.62,01,-.09,01,2.45,01,9900.00,99,9900.00,99
1998,2,13,7,50,3.47,01,-.06,01,3.22,01,9900.00,99,9900.00,99
1998,2,13,7,55,3.08,01,-.15,01,3.07,01,9900.00,99,9900.00,99
1998,2,13,8,0,3.85,01,-.21,01,3.58,01,9900.00,99,9900.00,99
1998,2,13,8,5,5.96,01,-.20,01,5.61,01,9900.00,99,9900.00,99
1998,2,13,8,10,7.53,01,-.23,01,7.33,01,9900.00,99,9900.00,99
1998,2,13,8,15,9.32,01,-.19,01,8.96,01,9900.00,99,9900.00,99
1998,2,13,8,20,10.62,09,-.22,09,10.13,09,9900.00,99,9900.00,99
1998,2,13,8,25,11.74,09,-.25,09,11.27,09,9900.00,99,9900.00,99
1998,2,13,8,30,12.88,09,-.29,09,12.28,09,9900.00,99,9900.00,99
1998,2,13,8,35,16.34,09,-.30,09,15.55,09,9900.00,99,9900.00,99
1998,2,13,8,40,21.26,09,-.32,09,20.38,09,9900.00,99,9900.00,99
1998,2,13,8,45,32.62,03,-.30,03,31.63,03,9900.00,99,9900.00,99
1998,2,13,8,50,40.83,03,-.23,03,39.61,03,9900.00,99,9900.00,99
1998,2,13,8,55,42.85,03,-.10,03,41.49,03,9900.00,99,9900.00,99
1998,2,13,9,0,53.01,03,-.01,03,50.74,03,9900.00,99,9900.00,99
1998,2,13,9,5,86.48,03,-.11,03,83.23,03,9900.00,99,9900.00,99
1998,2,13,9,10,90.84,03,-.33,03,87.21,03,9900.00,99,9900.00,99
1998,2,13,9,15,107.34,03,-.53,03,103.77,03,9900.00,99,9900.00,99
1998,2,13,9,20,117.54,03,-.69,03,114.04,03,9900.00,99,9900.00,99
1998,2,13,9,25,121.33,03,-.66,03,117.26,03,9900.00,99,9900.00,99
1998,2,13,9,30,122.50,03,-.74,03,118.28,03,9900.00,99,9900.00,99
1998,2,13,9,35,114.16,03,-.80,03,110.02,03,9900.00,99,9900.00,99
1998,2,13,9,40,132.34,03,-.81,03,128.58,03,9900.00,99,9900.00,99
1998,2,13,9,45,130.76,03,-.96,03,126.34,03,9900.00,99,9900.00,99
1998,2,13,9,50,131.17,03,-.96,03,126.50,03,9900.00,99,9900.00,99
1998,2,13,9,55,142.68,03,-.89,03,137.52,03,9900.00,99,9900.00,99
1998,2,13,10,0,169.94,03,-.87,03,164.10,03,9900.00,99,9900.00,99
1998,2,13,10,5,165.91,03,-.88,03,159.08,03,9900.00,99,9900.00,99
1998,2,13,10,10,151.89,03,-.96,03,145.40,03,9900.00,99,9900.00,99
1998,2,13,10,15,150.11,03,-1.03,03,144.72,03,9900.00,99,9900.00,99
1998,2,13,10,20,141.52,03,-1.07,03,137.01,03,9900.00,99,9900.00,99
1998,2,13,10,25,149.38,03,-.95,03,145.26,03,9900.00,99,9900.00,99
1998,2,13,10,30,137.43,03,-1.07,03,133.45,03,9900.00,99,9900.00,99
1998,2,13,10,35,124.88,03,-.93,03,121.06,03,9900.00,99,9900.00,99
1998,2,13,10,40,136.04,03,-.96,03,132.53,03,9900.00,99,9900.00,99
1998,2,13,10,45,153.63,03,-.85,03,149.57,03,9900.00,99,9900.00,99
1998,2,13,10,50,134.90,03,-.73,03,130.35,03,9900.00,99,9900.00,99
1998,2,13,10,55,131.40,03,-.78,03,126.23,03,9900.00,99,9900.00,99
1998,2,13,11,0,120.25,03,-.82,03,115.53,03,9900.00,99,9900.00,99
1998,2,13,11,5,115.97,03,-.79,03,111.39,03,9900.00,99,9900.00,99
1998,2,13,11,10,121.07,03,-.80,03,116.69,03,9900.00,99,9900.00,99
1998,2,13,11,15,134.59,03,-.78,03,130.31,03,9900.00,99,9900.00,99
1998,2,13,11,20,128.45,03,-.71,03,124.27,03,9900.00,99,9900.00,99
1998,2,13,11,25,151.83,03,-.79,03,147.68,03,9900.00,99,9900.00,99
1998,2,13,11,30,161.75,03,-.62,03,156.64,03,9900.00,99,9900.00,99
1998,2,13,11,35,157.20,03,-.64,03,152.09,03,9900.00,99,9900.00,99
1998,2,13,11,40,185.63,03,-.54,03,180.09,03,9900.00,99,9900.00,99
1998,2,13,11,45,178.58,03,-.82,03,173.00,03,9900.00,99,9900.00,99
1998,2,13,11,50,168.88,03,-.81,03,162.78,03,9900.00,99,9900.00,99
1998,2,13,11,55,171.86,03,-.60,03,166.24,03,9900.00,99,9900.00,99
1998,2,13,12,0,189.43,03,-.64,03,183.69,03,9900.00,99,9900.00,99
1998,2,13,12,5,157.56,03,-.86,03,151.63,03,9900.00,99,9900.00,99
1998,2,13,12,10,138.57,03,-.93,03,133.02,03,9900.00,99,9900.00,99
1998,2,13,12,15,128.63,03,-.71,03,123.55,03,9900.00,99,9900.00,99
1998,2,13,12,20,123.52,03,-.58,03,119.13,03,9900.00,99,9900.00,99
1998,2,13,12,25,117.82,03,-.60,03,113.02,03,9900.00,99,9900.00,99
1998,2,13,12,30,123.01,03,-.47,03,117.08,03,9900.00,99,9900.00,99
1998,2,13,12,35,137.56,03,-.19,03,132.00,03,9900.00,99,9900.00,99
1998,2,13,12,40,141.42,03,-.14,03,136.54,03,9900.00,99,9900.00,99
1998,2,13,12,45,121.75,03,-.35,03,116.87,03,9900.00,99,9900.00,99
1998,2,13,12,50,115.11,03,-.53,03,110.39,03,9900.00,99,9900.00,99
1998,2,13,12,55,110.09,03,-.47,03,105.35,03,9900.00,99,9900.00,99
1998,2,13,13,0,104.08,03,-.58,03,99.39,03,9900.00,99,9900.00,99
1998,2,13,13,5,114.77,03,-.71,03,110.74,03,9900.00,99,9900.00,99
1998,2,13,13,10,138.39,03,-.18,03,134.30,03,9900.00,99,9900.00,99
1998,2,13,13,15,154.48,03,-.04,03,148.99,03,9900.00,99,9900.00,99
1998,2,13,13,20,188.09,03,0.00,03,181.20,03,9900.00,99,9900.00,99
1998,2,13,13,25,189.81,03,.04,03,183.17,03,9900.00,99,9900.00,99
1998,2,13,13,30,165.03,03,-.06,03,159.30,03,9900.00,99,9900.00,99
1998,2,13,13,35,168.10,03,-.23,03,162.34,03,9900.00,99,9900.00,99
1998,2,13,13,40,186.16,03,-.47,03,181.43,03,9900.00,99,9900.00,99
1998,2,13,13,45,152.97,03,-.53,03,148.96,03,9900.00,99,9900.00,99
1998,2,13,13,50,129.19,03,-.64,03,124.40,03,9900.00,99,9900.00,99
1998,2,13,13,55,143.86,03,-.80,03,137.10,03,9900.00,99,9900.00,99
1998,2,13,14,0,159.88,03,-.70,03,152.37,03,9900.00,99,9900.00,99
1998,2,13,14,5,133.37,03,-.78,03,126.97,03,9900.00,99,9900.00,99
1998,2,13,14,10,135.34,03,-.57,03,129.35,03,9900.00,99,9900.00,99
1998,2,13,14,15,186.47,03,-.15,03,179.76,03,9900.00,99,9900.00,99
1998,2,13,14,20,214.38,03,.01,03,207.97,03,9900.00,99,9900.00,99
1998,2,13,14,25,224.82,03,.19,03,216.14,03,9900.00,99,9900.00,99
1998,2,13,14,30,205.51,03,.07,03,196.29,03,9900.00,99,9900.00,99
1998,2,13,14,35,191.20,03,0.00,03,183.36,03,9900.00,99,9900.00,99
1998,2,13,14,40,172.07,03,-.11,03,164.70,03,9900.00,99,9900.00,99
1998,2,13,14,45,169.96,03,-.34,03,162.47,03,9900.00,99,9900.00,99
1998,2,13,14,50,181.19,03,-.41,03,175.08,03,9900.00,99,9900.00,99
1998,2,13,14,55,185.65,03,-.10,03,180.12,03,9900.00,99,9900.00,99
1998,2,13,15,0,162.07,03,.02,03,157.10,03,9900.00,99,9900.00,99
1998,2,13,15,5,145.36,03,-.03,03,139.63,03,9900.00,99,9900.00,99
1998,2,13,15,10,160.80,03,-.08,03,155.27,03,9900.00,99,9900.00,99
1998,2,13,15,15,179.83,03,-.17,03,174.19,03,9900.00,99,9900.00,99
1998,2,13,15,20,185.50,03,-.20,03,180.37,03,9900.00,99,9900.00,99
1998,2,13,15,25,177.01,03,-.17,03,172.34,03,9900.00,99,9900.00,99
1998,2,13,15,30,167.89,03,-.01,03,162.92,03,9900.00,99,9900.00,99
1998,2,13,15,35,165.66,03,.03,03,160.11,03,9900.00,99,9900.00,99
1998,2,13,15,40,185.33,03,.02,03,179.76,03,9900.00,99,9900.00,99
1998,2,13,15,45,197.95,03,.08,03,191.58,03,9900.00,99,9900.00,99
1998,2,13,15,50,117.15,03,-.21,03,112.50,03,9900.00,99,9900.00,99
1998,2,13,15,55,107.13,03,-.64,03,103.17,03,9900.00,99,9900.00,99
1998,2,13,16,0,118.59,03,-.73,03,113.64,03,9900.00,99,9900.00,99
1998,2,13,16,5,144.02,03,-.48,03,137.89,03,9900.00,99,9900.00,99
1998,2,13,16,10,139.05,03,-.08,03,130.19,03,9900.00,99,9900.00,99
1998,2,13,16,15,140.84,03,-.02,03,133.52,03,9900.00,99,9900.00,99
1998,2,13,16,20,102.67,03,-.03,03,97.95,03,9900.00,99,9900.00,99
1998,2,13,16,25,89.05,03,-.09,03,85.67,03,9900.00,99,9900.00,99
1998,2,13,16,30,121.46,03,-.16,03,119.04,03,9900.00,99,9900.00,99
1998,2,13,16,35,119.51,03,-.07,03,113.05,03,9900.00,99,9900.00,99
1998,2,13,16,40,101.76,03,-.18,03,95.85,03,9900.00,99,9900.00,99
1998,2,13,16,45,78.42,03,-.34,03,72.76,03,9900.00,99,9900.00,99
1998,2,13,16,50,76.05,03,-.38,03,71.38,03,9900.00,99,9900.00,99
1998,2,13,16,55,77.55,03,-.18,03,73.98,03,9900.00,99,9900.00,99
1998,2,13,17,0,68.67,03,-.32,03,65.49,03,9900.00,99,9900.00,99
1998,2,13,17,5,64.46,01,-.28,01,61.02,01,9900.00,99,9900.00,99
1998,2,13,17,10,68.34,01,-.17,01,65.23,01,9900.00,99,9900.00,99
1998,2,13,17,15,75.20,01,-.14,01,71.53,01,9900.00,99,9900.00,99
1998,2,13,17,20,61.02,01,-.21,01,58.45,01,9900.00,99,9900.00,99
1998,2,13,17,25,38.87,01,-.42,01,36.96,01,9900.00,99,9900.00,99
1998,2,13,17,30,35.18,01,-.48,01,33.17,01,9900.00,99,9900.00,99
1998,2,13,17,35,25.38,01,-.60,01,23.56,01,9900.00,99,9900.00,99
1998,2,13,17,40,18.08,01,-.62,01,16.47,01,9900.00,99,9900.00,99
1998,2,13,17,45,14.92,01,-.75,01,13.80,01,9900.00,99,9900.00,99
1998,2,13,17,50,12.02,01,-.71,01,10.88,01,9900.00,99,9900.00,99
1998,2,13,17,55,6.95,01,-.74,01,6.67,01,9900.00,99,9900.00,99
1998,2,13,18,0,3.46,01,-.69,01,3.04,01,9900.00,99,9900.00,99
1998,2,13,18,5,2.41,01,-.69,01,1.50,01,9900.00,99,9900.00,99
1998,2,13,18,10,1.29,01,-.69,01,.54,01,9900.00,99,9900.00,99
1998,2,13,18,15,.52,01,-.57,01,-.26,01,9900.00,99,9900.00,99
1998,2,13,18,20,-.15,01,-.63,01,-1.06,01,9900.00,99,9900.00,99
1998,2,13,18,25,-.24,01,-.61,01,-1.13,01,9900.00,99,9900.00,99
1998,2,13,18,30,-.13,01,-.55,01,-1.17,01,9900.00,99,9900.00,99
1998,2,13,18,35,-.12,01,-.51,01,-1.14,01,9900.00,99,9900.00,99
1998,2,13,18,40,-.12,01,-.50,01,-1.15,01,9900.00,99,9900.00,99
1998,2,13,18,45,-.12,01,-.51,01,-1.13,01,9900.00,99,9900.00,99
1998,2,13,18,50,-.09,01,-.51,01,-1.07,01,9900.00,99,9900.00,99
1998,2,13,18,55,-.16,01,-.50,01,-1.15,01,9900.00,99,9900.00,99
1998,2,13,19,0,-.04,01,-.51,01,-.90,01,9900.00,99,9900.00,99
1998,2,13,19,5,-.15,01,-.53,01,-1.04,01,9900.00,99,9900.00,99
1998,2,13,19,10,-.55,01,-.57,01,-1.17,01,9900.00,99,9900.00,99
1998,2,13,19,15,-.62,01,-.57,01,-1.19,01,9900.00,99,9900.00,99
1998,2,13,19,20,-.65,01,-.64,01,-1.19,01,9900.00,99,9900.00,99
1998,2,13,19,25,-.69,01,-.54,01,-1.19,01,9900.00,99,9900.00,99
1998,2,13,19,30,-.73,01,-.59,01,-1.19,01,9900.00,99,9900.00,99
1998,2,13,19,35,-.87,01,-.66,01,-1.31,01,9900.00,99,9900.00,99
1998,2,13,19,40,-.92,01,-.69,01,-1.59,01,9900.00,99,9900.00,99
1998,2,13,19,45,-.87,01,-.63,01,-1.46,01,9900.00,99,9900.00,99
1998,2,13,19,50,-.68,01,-.60,01,-1.17,01,9900.00,99,9900.00,99
1998,2,13,19,55,-.49,01,-.53,01,-1.15,01,9900.00,99,9900.00,99
1998,2,13,20,0,-.36,01,-.53,01,-1.06,01,9900.00,99,9900.00,99
1998,2,13,20,5,-.19,01,-.54,01,-.91,01,9900.00,99,9900.00,99
1998,2,13,20,10,-.24,01,-.55,01,-.85,01,9900.00,99,9900.00,99
1998,2,13,20,15,-.67,01,-.51,01,-1.18,01,9900.00,99,9900.00,99
1998,2,13,20,20,-.55,01,-.59,01,-1.09,01,9900.00,99,9900.00,99
1998,2,13,20,25,-.22,01,-.50,01,-.95,01,9900.00,99,9900.00,99
1998,2,13,20,30,-.05,01,-.44,01,-.81,01,9900.00,99,9900.00,99
1998,2,13,20,35,-.49,01,-.54,01,-1.13,01,9900.00,99,9900.00,99
1998,2,13,20,40,-.74,01,-.53,01,-1.19,01,9900.00,99,9900.00,99
1998,2,13,20,45,-.73,01,-.52,01,-1.19,01,9900.00,99,9900.00,99
1998,2,13,20,50,-.43,01,-.56,01,-1.15,01,9900.00,99,9900.00,99
1998,2,13,20,55,-.71,01,-.51,01,-1.19,01,9900.00,99,9900.00,99
1998,2,13,21,0,-.84,01,-.59,01,-1.23,01,9900.00,99,9900.00,99
1998,2,13,21,5,-.74,01,-.57,01,-1.21,01,9900.00,99,9900.00,99
1998,2,13,21,10,-.77,01,-.58,01,-1.21,01,9900.00,99,9900.00,99
1998,2,13,21,15,-.82,01,-.60,01,-1.23,01,9900.00,99,9900.00,99
1998,2,13,21,20,-.71,01,-.52,01,-1.21,01,9900.00,99,9900.00,99
1998,2,13,21,25,-.49,01,-.51,01,-1.03,01,9900.00,99,9900.00,99
1998,2,13,21,30,-.65,01,-.48,01,-1.17,01,9900.00,99,9900.00,99
1998,2,13,21,35,-.80,01,-.60,01,-1.23,01,9900.00,99,9900.00,99
1998,2,13,21,40,-1.02,01,-.59,01,-1.27,01,9900.00,99,9900.00,99
1998,2,13,21,45,-1.20,01,-.67,01,-1.67,01,9900.00,99,9900.00,99
1998,2,13,21,50,-1.37,01,-.62,01,-2.00,01,9900.00,99,9900.00,99
1998,2,13,21,55,-1.68,01,-.69,01,-2.07,01,9900.00,99,9900.00,99
1998,2,13,22,0,-2.04,01,-.71,01,-2.33,01,9900.00,99,9900.00,99
1998,2,13,22,5,-2.23,01,-.75,01,-2.56,01,9900.00,99,9900.00,99
1998,2,13,22,10,-2.71,01,-.77,01,-2.94,01,9900.00,99,9900.00,99
1998,2,13,22,15,-2.76,01,-.77,01,-3.11,01,9900.00,99,9900.00,99
1998,2,13,22,20,-2.26,01,-.70,01,-2.81,01,9900.00,99,9900.00,99
1998,2,13,22,25,-2.26,01,-.65,01,-2.74,01,9900.00,99,9900.00,99
1998,2,13,22,30,-1.77,01,-.57,01,-2.21,01,9900.00,99,9900.00,99
1998,2,13,22,35,-1.75,01,-.60,01,-2.18,01,9900.00,99,9900.00,99
1998,2,13,22,40,-2.51,01,-.57,01,-2.90,01,9900.00,99,9900.00,99
1998,2,13,22,45,-2.93,01,-.69,01,-3.25,01,9900.00,99,9900.00,99
1998,2,13,22,50,-3.16,01,-.74,01,-3.55,01,9900.00,99,9900.00,99
1998,2,13,22,55,-2.94,01,-.75,01,-3.34,01,9900.00,99,9900.00,99
1998,2,13,23,0,-2.40,01,-.62,01,-2.84,01,9900.00,99,9900.00,99
1998,2,13,23,5,-1.69,01,-.53,01,-2.23,01,9900.00,99,9900.00,99
1998,2,13,23,10,-1.58,01,-.47,01,-2.13,01,9900.00,99,9900.00,99
1998,2,13,23,15,-1.65,01,-.48,01,-2.13,01,9900.00,99,9900.00,99
1998,2,13,23,20,-1.55,01,-.42,01,-2.05,01,9900.00,99,9900.00,99
1998,2,13,23,25,-1.46,01,-.39,01,-2.02,01,9900.00,99,9900.00,99
1998,2,13,23,30,-1.18,01,-.44,01,-1.67,01,9900.00,99,9900.00,99
1998,2,13,23,35,-.84,01,-.30,01,-1.20,01,9900.00,99,9900.00,99
1998,2,13,23,40,-.86,01,-.32,01,-1.21,01,9900.00,99,9900.00,99
1998,2,13,23,45,-.76,01,-.32,01,-1.22,01,9900.00,99,9900.00,99
1998,2,13,23,50,-.75,01,-.29,01,-1.19,01,9900.00,99,9900.00,99
1998,2,13,23,55,-.69,01,-.17,01,-1.17,01,9900.00,99,9900.00,99
1998,2,14,0,0,-.70,01,-.24,01,-1.19,01,9900.00,99,9900.00,99
1998,2,14,0,5,-.44,01,-.22,01,-1.11,01,9900.00,99,9900.00,99
1998,2,14,0,10,-.37,01,-.19,01,-.99,01,9900.00,99,9900.00,99
1998,2,14,0,15,-.57,01,-.28,01,-1.10,01,9900.00,99,9900.00,99
1998,2,14,0,20,-.27,01,-.23,01,-.85,01,9900.00,99,9900.00,99
1998,2,14,0,25,-.12,01,-.23,01,-.79,01,9900.00,99,9900.00,99
1998,2,14,0,30,-.07,01,-.14,01,-.76,01,9900.00,99,9900.00,99
1998,2,14,0,35,-.03,01,-.14,01,-.72,01,9900.00,99,9900.00,99
1998,2,14,0,40,-.04,01,-.25,01,-.79,01,9900.00,99,9900.00,99
1998,2,14,0,45,-.43,01,-.32,01,-1.06,01,9900.00,99,9900.00,99
1998,2,14,0,50,-.78,01,-.35,01,-1.19,01,9900.00,99,9900.00,99
1998,2,14,0,55,-.71,01,-.34,01,-1.18,01,9900.00,99,9900.00,99
1998,2,14,1,0,-.35,01,-.33,01,-1.02,01,9900.00,99,9900.00,99
1998,2,14,1,5,-.05,01,-.30,01,-.80,01,9900.00,99,9900.00,99
1998,2,14,1,10,-.17,01,-.36,01,-.84,01,9900.00,99,9900.00,99
1998,2,14,1,15,-.66,01,-.43,01,-1.11,01,9900.00,99,9900.00,99
1998,2,14,1,20,-.75,01,-.38,01,-1.21,01,9900.00,99,9900.00,99
1998,2,14,1,25,-.65,01,-.33,01,-1.15,01,9900.00,99,9900.00,99
1998,2,14,1,30,-.90,01,-.39,01,-1.34,01,9900.00,99,9900.00,99
1998,2,14,1,35,-.97,01,-.34,01,-1.36,01,9900.00,99,9900.00,99
1998,2,14,1,40,-.24,01,-.25,01,-.85,01,9900.00,99,9900.00,99
1998,2,14,1,45,-.02,01,-.21,01,-.77,01,9900.00,99,9900.00,99
1998,2,14,1,50,-.28,01,-.36,01,-1.01,01,9900.00,99,9900.00,99
1998,2,14,1,55,-.65,01,-.42,01,-1.17,01,9900.00,99,9900.00,99
1998,2,14,2,0,-.51,01,-.42,01,-1.13,01,9900.00,99,9900.00,99
1998,2,14,2,5,-.63,01,-.42,01,-1.17,01,9900.00,99,9900.00,99
1998,2,14,2,10,-.54,01,-.41,01,-1.14,01,9900.00,99,9900.00,99
1998,2,14,2,15,-.38,01,-.39,01,-1.13,01,9900.00,99,9900.00,99
1998,2,14,2,20,-.50,01,-.39,01,-1.18,01,9900.00,99,9900.00,99
1998,2,14,2,25,-.61,01,-.39,01,-1.18,01,9900.00,99,9900.00,99
1998,2,14,2,30,-.46,01,-.32,01,-1.12,01,9900.00,99,9900.00,99
1998,2,14,2,35,-.32,01,-.33,01,-1.08,01,9900.00,99,9900.00,99
1998,2,14,2,40,-.44,01,-.40,01,-1.15,01,9900.00,99,9900.00,99
1998,2,14,2,45,-.52,01,-.39,01,-1.18,01,9900.00,99,9900.00,99
1998,2,14,2,50,-.33,01,-.36,01,-1.07,01,9900.00,99,9900.00,99
1998,2,14,2,55,-.22,01,-.30,01,-1.05,01,9900.00,99,9900.00,99
1998,2,14,3,0,-.21,01,-.35,01,-1.11,01,9900.00,99,9900.00,99
1998,2,14,3,5,-.14,01,-.28,01,-.99,01,9900.00,99,9900.00,99
1998,2,14,3,10,-.07,01,-.24,01,-.91,01,9900.00,99,9900.00,99
1998,2,14,3,15,-.04,01,-.28,01,-.79,01,9900.00,99,9900.00,99
1998,2,14,3,20,-.05,01,-.23,01,-.81,01,9900.00,99,9900.00,99
1998,2,14,3,25,-.04,01,-.23,01,-.74,01,9900.00,99,9900.00,99
1998,2,14,3,30,-.03,01,-.24,01,-.81,01,9900.00,99,9900.00,99
1998,2,14,3,35,-.05,01,-.30,01,-.85,01,9900.00,99,9900.00,99
1998,2,14,3,40,-.13,01,-.33,01,-.91,01,9900.00,99,9900.00,99
1998,2,14,3,45,-.07,01,-.38,01,-.84,01,9900.00,99,9900.00,99
1998,2,14,3,50,-.49,01,-.37,01,-.96,01,9900.00,99,9900.00,99
1998,2,14,3,55,-.62,01,-.36,01,-.97,01,9900.00,99,9900.00,99
1998,2,14,4,0,-.58,01,-.35,01,-1.32,01,9900.00,99,9900.00,99
1998,2,14,4,5,-.45,01,-.37,01,-1.19,01,9900.00,99,9900.00,99
1998,2,14,4,10,-.60,01,-.37,01,-1.19,01,9900.00,99,9900.00,99
1998,2,14,4,15,-.63,01,-.34,01,-1.19,01,9900.00,99,9900.00,99
1998,2,14,4,20,-.58,01,-.35,01,-1.19,01,9900.00,99,9900.00,99
1998,2,14,4,25,-.57,01,-.33,01,-1.19,01,9900.00,99,9900.00,99
1998,2,14,4,30,-.24,01,-.23,01,-1.07,01,9900.00,99,9900.00,99
1998,2,14,4,35,-.22,01,-.26,01,-1.07,01,9900.00,99,9900.00,99
1998,2,14,4,40,-.53,01,-.28,01,-1.18,01,9900.00,99,9900.00,99
1998,2,14,4,45,-.66,01,-.30,01,-1.19,01,9900.00,99,9900.00,99
1998,2,14,4,50,-.60,01,-.34,01,-1.16,01,9900.00,99,9900.00,99
1998,2,14,4,55,-.24,01,-.26,01,-.92,01,9900.00,99,9900.00,99
1998,2,14,5,0,-.16,01,-.27,01,-.86,01,9900.00,99,9900.00,99
1998,2,14,5,5,-.15,01,-.27,01,-.91,01,9900.00,99,9900.00,99
1998,2,14,5,10,-.09,01,-.25,01,-.85,01,9900.00,99,9900.00,99
1998,2,14,5,15,-.22,01,-.32,01,-1.01,01,9900.00,99,9900.00,99
1998,2,14,5,20,-.27,01,-.32,01,-.95,01,9900.00,99,9900.00,99
1998,2,14,5,25,-.16,01,-.30,01,-.96,01,9900.00,99,9900.00,99
1998,2,14,5,30,-.24,01,-.31,01,-1.05,01,9900.00,99,9900.00,99
1998,2,14,5,35,-.35,01,-.23,01,-.98,01,9900.00,99,9900.00,99
1998,2,14,5,40,-.27,01,-.29,01,-1.01,01,9900.00,99,9900.00,99
1998,2,14,5,45,-.60,01,-.33,01,-1.12,01,9900.00,99,9900.00,99
1998,2,14,5,50,-.60,01,-.30,01,-1.09,01,9900.00,99,9900.00,99
1998,2,14,5,55,-.65,01,-.28,01,-1.13,01,9900.00,99,9900.00,99
1998,2,14,6,0,-.60,01,-.35,01,-1.11,01,9900.00,99,9900.00,99
1998,2,14,6,5,-.55,01,-.29,01,-1.09,01,9900.00,99,9900.00,99
1998,2,14,6,10,-.71,01,-.32,01,-1.17,01,9900.00,99,9900.00,99
1998,2,14,6,15,-1.07,01,-.37,01,-1.36,01,9900.00,99,9900.00,99
1998,2,14,6,20,-2.15,01,-.34,01,-2.54,01,9900.00,99,9900.00,99
1998,2,14,6,25,-1.93,01,-.28,01,-2.42,01,9900.00,99,9900.00,99
1998,2,14,6,30,-.73,01,-.21,01,-1.20,01,9900.00,99,9900.00,99
1998,2,14,6,35,-.28,01,-.23,01,-.87,01,9900.00,99,9900.00,99
1998,2,14,6,40,-.12,01,-.24,01,-.89,01,9900.00,99,9900.00,99
1998,2,14,6,45,-.07,01,-.28,01,-.83,01,9900.00,99,9900.00,99
1998,2,14,6,50,-.06,01,-.32,01,-.83,01,9900.00,99,9900.00,99
1998,2,14,6,55,-.04,01,-.41,01,-.82,01,9900.00,99,9900.00,99
1998,2,14,7,0,-.03,01,-.42,01,-.79,01,9900.00,99,9900.00,99
1998,2,14,7,5,-.02,01,-.46,01,-.75,01,9900.00,99,9900.00,99
1998,2,14,7,10,.05,01,-.47,01,-.55,01,9900.00,99,9900.00,99
1998,2,14,7,15,.49,01,-.45,01,-.13,01,9900.00,99,9900.00,99
1998,2,14,7,20,.94,01,-.51,01,.25,01,9900.00,99,9900.00,99
1998,2,14,7,25,1.59,01,-.52,01,1.06,01,9900.00,99,9900.00,99
1998,2,14,7,30,2.72,01,-.57,01,2.30,01,9900.00,99,9900.00,99
1998,2,14,7,35,4.50,01,-.50,01,4.30,01,9900.00,99,9900.00,99
1998,2,14,7,40,6.94,01,-.56,01,6.67,01,9900.00,99,9900.00,99
1998,2,14,7,45,9.06,01,-.56,01,8.15,01,9900.00,99,9900.00,99
1998,2,14,7,50,13.98,01,-.44,01,12.57,01,9900.00,99,9900.00,99
1998,2,14,7,55,17.52,01,-.48,01,16.03,01,9900.00,99,9900.00,99
1998,2,14,8,0,22.30,01,-.43,01,20.61,01,9900.00,99,9900.00,99
1998,2,14,8,5,23.32,01,-.44,01,21.41,01,9900.00,99,9900.00,99
1998,2,14,8,10,27.05,01,-.44,01,25.30,01,9900.00,99,9900.00,99
1998,2,14,8,15,27.60,01,-.50,01,25.80,01,9900.00,99,9900.00,99
1998,2,14,8,20,22.90,03,-.53,03,21.32,03,9900.00,99,9900.00,99
1998,2,14,8,25,21.29,09,-.60,09,19.62,09,9900.00,99,9900.00,99
1998,2,14,8,30,21.60,09,-.59,09,19.89,09,9900.00,99,9900.00,99
1998,2,14,8,35,28.91,03,-.55,03,27.11,03,9900.00,99,9900.00,99
1998,2,14,8,40,71.50,03,-.53,03,68.68,03,9900.00,99,9900.00,99
1998,2,14,8,45,90.02,03,-.63,03,85.86,03,9900.00,99,9900.00,99
1998,2,14,8,50,44.84,03,-.73,03,41.81,03,9900.00,99,9900.00,99
1998,2,14,8,55,57.78,03,-.72,03,54.85,03,9900.00,99,9900.00,99
1998,2,14,9,0,57.16,03,-.77,03,54.06,03,9900.00,99,9900.00,99
1998,2,14,9,5,50.39,03,-.77,03,47.85,03,9900.00,99,9900.00,99
1998,2,14,9,10,48.05,03,-.77,03,45.83,03,9900.00,99,9900.00,99
1998,2,14,9,15,51.94,03,-.76,03,49.62,03,9900.00,99,9900.00,99
1998,2,14,9,20,52.33,03,-.77,03,50.13,03,9900.00,99,9900.00,99
1998,2,14,9,25,46.83,03,-.77,03,44.73,03,9900.00,99,9900.00,99
1998,2,14,9,30,38.88,09,-.77,09,37.08,09,9900.00,99,9900.00,99
1998,2,14,9,35,46.73,03,-.79,03,44.60,03,9900.00,99,9900.00,99
1998,2,14,9,40,48.43,03,-.78,03,46.38,03,9900.00,99,9900.00,99
1998,2,14,9,45,47.96,03,-.77,03,45.89,03,9900.00,99,9900.00,99
1998,2,14,9,50,51.49,03,-.77,03,49.05,03,9900.00,99,9900.00,99
1998,2,14,9,55,58.21,03,-.77,03,55.59,03,9900.00,99,9900.00,99
1998,2,14,10,0,70.06,03,-.78,03,67.29,03,9900.00,99,9900.00,99
1998,2,14,10,5,61.18,03,-.78,03,58.28,03,9900.00,99,9900.00,99
1998,2,14,10,10,57.51,03,-.77,03,54.89,03,9900.00,99,9900.00,99
1998,2,14,10,15,56.66,03,-.75,03,53.94,03,9900.00,99,9900.00,99
1998,2,14,10,20,69.73,03,-.73,03,66.83,03,9900.00,99,9900.00,99
1998,2,14,10,25,101.04,03,-.64,03,97.58,03,9900.00,99,9900.00,99
1998,2,14,10,30,93.15,03,-.66,03,87.76,03,9900.00,99,9900.00,99
1998,2,14,10,35,87.19,03,-.76,03,83.17,03,9900.00,99,9900.00,99
1998,2,14,10,40,99.89,03,-.70,03,95.83,03,9900.00,99,9900.00,99
1998,2,14,10,45,95.88,03,-.80,03,91.14,03,9900.00,99,9900.00,99
1998,2,14,10,50,106.02,03,-.67,03,100.72,03,9900.00,99,9900.00,99
1998,2,14,10,55,134.88,03,-.80,03,128.62,03,9900.00,99,9900.00,99
1998,2,14,11,0,131.18,03,-.73,03,125.26,03,9900.00,99,9900.00,99
1998,2,14,11,5,134.41,03,-.59,03,127.36,03,9900.00,99,9900.00,99
1998,2,14,11,10,109.81,03,-.51,03,103.94,03,9900.00,99,9900.00,99
1998,2,14,11,15,115.41,03,-.78,03,110.72,03,9900.00,99,9900.00,99
1998,2,14,11,20,93.25,03,-.86,03,89.11,03,9900.00,99,9900.00,99
1998,2,14,11,25,88.93,03,-.81,03,85.46,03,9900.00,99,9900.00,99
1998,2,14,11,30,91.07,03,-.77,03,87.42,03,9900.00,99,9900.00,99
1998,2,14,11,35,109.52,03,-.77,03,105.26,03,9900.00,99,9900.00,99
1998,2,14,11,40,139.01,03,-.71,03,134.22,03,9900.00,99,9900.00,99
1998,2,14,11,45,153.11,03,-.64,03,148.84,03,9900.00,99,9900.00,99
1998,2,14,11,50,197.31,03,-.37,03,192.56,03,9900.00,99,9900.00,99
1998,2,14,11,55,201.08,03,-.06,03,192.67,03,9900.00,99,9900.00,99
1998,2,14,12,0,207.66,03,-.12,03,201.52,03,9900.00,99,9900.00,99
1998,2,14,12,5,187.54,03,-.40,03,180.35,03,9900.00,99,9900.00,99
1998,2,14,12,10,206.55,03,-.63,03,200.98,03,9900.00,99,9900.00,99
1998,2,14,12,15,230.31,03,-.71,03,223.40,03,9900.00,99,9900.00,99
1998,2,14,12,20,241.87,03,-.84,03,232.91,03,9900.00,99,9900.00,99
1998,2,14,12,25,189.33,03,-.81,03,177.78,03,9900.00,99,9900.00,99
1998,2,14,12,30,212.35,03,-.64,03,201.26,03,9900.00,99,9900.00,99
1998,2,14,12,35,190.01,03,-.77,03,178.77,03,9900.00,99,9900.00,99
1998,2,14,12,40,356.92,03,.06,03,337.01,03,9900.00,99,9900.00,99
1998,2,14,12,45,275.95,11,-.07,10,253.73,10,9900.00,99,9900.00,99
1998,2,14,12,50,220.18,03,-.23,03,210.22,03,9900.00,99,9900.00,99
1998,2,14,12,55,293.01,03,-.41,03,278.62,03,9900.00,99,9900.00,99
1998,2,14,13,0,195.62,03,-.51,03,184.62,03,9900.00,99,9900.00,99
1998,2,14,13,5,381.97,03,-.14,03,368.41,03,9900.00,99,9900.00,99
1998,2,14,13,10,475.49,19,.17,18,430.99,18,9900.00,99,9900.00,99
1998,2,14,13,15,557.24,15,.70,14,514.81,14,9900.00,99,9900.00,99
1998,2,14,13,20,599.54,19,.61,18,554.18,18,9900.00,99,9900.00,99
1998,2,14,13,25,488.39,19,-.69,18,441.97,18,9900.00,99,9900.00,99
1998,2,14,13,30,453.36,15,-.47,14,413.48,14,9900.00,99,9900.00,99
1998,2,14,13,35,540.58,15,-.25,14,505.93,14,9900.00,99,9900.00,99
1998,2,14,13,40,399.43,19,-.63,18,362.41,18,9900.00,99,9900.00,99
1998,2,14,13,45,837.93,93,.15,92,806.60,08,9900.00,99,9900.00,99
1998,2,14,13,50,821.86,93,-.01,92,799.53,08,9900.00,99,9900.00,99
1998,2,14,13,55,516.30,19,-1.26,18,478.92,18,9900.00,99,9900.00,99
1998,2,14,14,0,667.81,73,-1.51,72,633.20,08,9900.00,99,9900.00,99
1998,2,14,14,5,505.81,19,-1.59,18,470.52,18,9900.00,99,9900.00,99
1998,2,14,14,10,316.58,11,-1.85,10,287.65,10,9900.00,99,9900.00,99
1998,2,14,14,15,486.06,15,-1.73,14,456.52,14,9900.00,99,9900.00,99
1998,2,14,14,20,557.24,15,-1.42,14,522.88,14,9900.00,99,9900.00,99
1998,2,14,14,25,541.89,19,-.99,18,502.00,18,9900.00,99,9900.00,99
1998,2,14,14,30,684.49,93,-.32,92,638.91,08,9900.00,99,9900.00,99
1998,2,14,14,35,228.14,03,-1.52,03,222.88,03,9900.00,99,9900.00,99
1998,2,14,14,40,203.12,11,-1.86,10,181.48,10,9900.00,99,9900.00,99
1998,2,14,14,45,372.11,03,-1.61,03,371.91,03,9900.00,99,9900.00,99
1998,2,14,14,50,557.49,57,-.05,56,544.52,08,9900.00,99,9900.00,99
1998,2,14,14,55,676.49,93,.01,92,641.86,08,9900.00,99,9900.00,99
1998,2,14,15,0,407.80,19,-.92,18,377.11,18,9900.00,99,9900.00,99
1998,2,14,15,5,189.16,11,-1.26,10,173.17,10,9900.00,99,9900.00,99
1998,2,14,15,10,191.51,03,-1.02,03,178.57,03,9900.00,99,9900.00,99
1998,2,14,15,15,299.76,11,-.44,10,282.83,10,9900.00,99,9900.00,99
1998,2,14,15,20,441.54,55,-.07,54,349.12,54,9900.00,99,9900.00,99
1998,2,14,15,25,355.93,47,-.31,46,283.27,46,9900.00,99,9900.00,99
1998,2,14,15,30,245.31,15,-.95,14,218.61,14,9900.00,99,9900.00,99
1998,2,14,15,35,432.95,91,-.71,90,272.96,90,9900.00,99,9900.00,99
1998,2,14,15,40,475.33,91,-.54,90,260.05,90,9900.00,99,9900.00,99
1998,2,14,15,45,439.55,91,-.82,90,234.57,90,9900.00,99,9900.00,99
1998,2,14,15,50,398.02,91,-1.37,90,238.50,90,9900.00,99,9900.00,99
1998,2,14,15,55,278.92,59,-1.56,58,198.93,58,9900.00,99,9900.00,99
1998,2,14,16,0,205.55,39,-2.23,38,155.68,38,9900.00,99,9900.00,99
1998,2,14,16,5,203.10,55,-1.70,54,136.41,54,9900.00,99,9900.00,99
1998,2,14,16,10,143.31,23,-1.41,22,115.28,22,9900.00,99,9900.00,99
1998,2,14,16,15,110.87,11,-1.25,10,101.27,10,9900.00,99,9900.00,99
1998,2,14,16,20,97.24,03,-1.07,03,89.67,03,9900.00,99,9900.00,99
1998,2,14,16,25,96.92,03,-1.07,03,89.06,03,9900.00,99,9900.00,99
1998,2,14,16,30,75.45,03,-.90,03,68.43,03,9900.00,99,9900.00,99
1998,2,14,16,35,73.60,03,-.88,03,67.13,03,9900.00,99,9900.00,99
1998,2,14,16,40,77.72,11,-.46,10,66.23,10,9900.00,99,9900.00,99
1998,2,14,16,45,78.94,03,-.57,03,76.37,03,9900.00,99,9900.00,99
1998,2,14,16,50,92.81,19,-.27,18,76.70,18,9900.00,99,9900.00,99
1998,2,14,16,55,212.24,91,.05,90,127.76,90,9900.00,99,9900.00,99
1998,2,14,17,0,180.26,91,-.41,90,94.85,90,9900.00,99,9900.00,99
1998,2,14,17,5,156.16,91,-.82,90,80.52,90,9900.00,99,9900.00,99
1998,2,14,17,10,119.37,01,-1.29,01,50.28,01,9900.00,99,9900.00,99
1998,2,14,17,15,104.96,01,-1.52,01,45.12,01,9900.00,99,9900.00,99
1998,2,14,17,20,93.95,01,-1.56,01,45.12,01,9900.00,99,9900.00,99
1998,2,14,17,25,73.47,01,-1.47,01,33.85,01,9900.00,99,9900.00,99
1998,2,14,17,30,54.08,01,-1.96,01,28.25,01,9900.00,99,9900.00,99
1998,2,14,17,35,33.64,01,-2.12,01,20.44,01,9900.00,99,9900.00,99
1998,2,14,17,40,15.44,01,-2.15,01,12.76,01,9900.00,99,9900.00,99
1998,2,14,17,45,8.39,01,-1.87,01,7.47,01,9900.00,99,9900.00,99
1998,2,14,17,50,5.33,01,-1.36,01,5.17,01,9900.00,99,9900.00,99
1998,2,14,17,55,2.23,01,-1.18,01,2.01,01,9900.00,99,9900.00,99
1998,2,14,18,0,.05,01,-1.16,01,-.04,01,9900.00,99,9900.00,99
1998,2,14,18,5,-1.33,01,-1.12,01,-1.26,01,9900.00,99,9900.00,99
1998,2,14,18,10,-2.65,01,-1.11,01,-2.67,01,9900.00,99,9900.00,99
1998,2,14,18,15,-3.44,01,-1.02,01,-3.31,01,9900.00,99,9900.00,99
1998,2,14,18,20,-4.12,01,-1.07,01,-3.86,01,9900.00,99,9900.00,99
1998,2,14,18,25,-5.53,01,-1.16,01,-5.51,01,9900.00,99,9900.00,99
1998,2,14,18,30,-5.85,01,-1.16,01,-6.21,01,9900.00,99,9900.00,99
1998,2,14,18,35,-5.86,01,-1.16,01,-6.28,01,9900.00,99,9900.00,99
1998,2,14,18,40,-6.06,01,-1.16,01,-6.31,01,9900.00,99,9900.00,99
1998,2,14,18,45,-6.15,01,-1.16,01,-6.35,01,9900.00,99,9900.00,99
1998,2,14,18,50,-6.28,01,-1.16,01,-6.48,01,9900.00,99,9900.00,99
1998,2,14,18,55,-5.96,01,-1.15,01,-6.21,01,9900.00,99,9900.00,99
1998,2,14,19,0,-5.83,01,-1.15,01,-5.89,01,9900.00,99,9900.00,99
1998,2,14,19,5,-5.85,01,-1.14,01,-6.17,01,9900.00,99,9900.00,99
1998,2,14,19,10,-5.80,01,-1.15,01,-5.90,01,9900.00,99,9900.00,99
1998,2,14,19,15,-5.23,01,-1.14,01,-5.19,01,9900.00,99,9900.00,99
1998,2,14,19,20,-5.33,01,-1.14,01,-5.22,01,9900.00,99,9900.00,99
1998,2,14,19,25,-5.68,01,-1.16,01,-5.30,01,9900.00,99,9900.00,99
1998,2,14,19,30,-5.61,01,-1.16,01,-5.17,01,9900.00,99,9900.00,99
1998,2,14,19,35,-5.33,01,-1.15,01,-5.17,01,9900.00,99,9900.00,99
1998,2,14,19,40,-5.19,01,-1.16,01,-5.22,01,9900.00,99,9900.00,99
1998,2,14,19,45,-5.09,01,-1.11,01,-5.17,01,9900.00,99,9900.00,99
1998,2,14,19,50,-4.46,01,-.93,01,-4.31,01,9900.00,99,9900.00,99
1998,2,14,19,55,-4.05,01,-.82,01,-3.77,01,9900.00,99,9900.00,99
1998,2,14,20,0,-4.41,01,-.80,01,-4.23,01,9900.00,99,9900.00,99
1998,2,14,20,5,-3.69,01,-.82,01,-3.69,01,9900.00,99,9900.00,99
1998,2,14,20,10,-4.19,01,-.90,01,-4.21,01,9900.00,99,9900.00,99
1998,2,14,20,15,-4.75,01,-.93,01,-4.66,01,9900.00,99,9900.00,99
1998,2,14,20,20,-4.16,01,-.90,01,-3.98,01,9900.00,99,9900.00,99
1998,2,14,20,25,-4.18,01,-.84,01,-4.11,01,9900.00,99,9900.00,99
1998,2,14,20,30,-3.79,01,-.84,01,-3.74,01,9900.00,99,9900.00,99
1998,2,14,20,35,-3.88,01,-.77,01,-3.93,01,9900.00,99,9900.00,99
1998,2,14,20,40,-3.85,01,-.86,01,-3.95,01,9900.00,99,9900.00,99
1998,2,14,20,45,-4.41,01,-.81,01,-4.21,01,9900.00,99,9900.00,99
1998,2,14,20,50,-4.60,01,-.86,01,-4.41,01,9900.00,99,9900.00,99
1998,2,14,20,55,-5.06,01,-1.04,01,-5.13,01,9900.00,99,9900.00,99
1998,2,14,21,0,-5.13,01,-1.16,01,-5.17,01,9900.00,99,9900.00,99
1998,2,14,21,5,-5.08,01,-1.14,01,-5.15,01,9900.00,99,9900.00,99
1998,2,14,21,10,-5.07,01,-1.15,01,-5.14,01,9900.00,99,9900.00,99
1998,2,14,21,15,-4.57,01,-1.13,01,-4.54,01,9900.00,99,9900.00,99
1998,2,14,21,20,-4.49,01,-1.10,01,-4.41,01,9900.00,99,9900.00,99
1998,2,14,21,25,-4.49,01,-1.13,01,-4.48,01,9900.00,99,9900.00,99
1998,2,14,21,30,-5.01,01,-1.13,01,-5.14,01,9900.00,99,9900.00,99
1998,2,14,21,35,-3.98,01,-.92,01,-4.08,01,9900.00,99,9900.00,99
1998,2,14,21,40,-3.19,01,-.66,01,-3.44,01,9900.00,99,9900.00,99
1998,2,14,21,45,-2.93,01,-.42,01,-3.11,01,9900.00,99,9900.00,99
1998,2,14,21,50,-2.93,01,-.46,01,-3.22,01,9900.00,99,9900.00,99
1998,2,14,21,55,-2.99,01,-.71,01,-3.40,01,9900.00,99,9900.00,99
1998,2,14,22,0,-3.51,01,-.78,01,-3.72,01,9900.00,99,9900.00,99
1998,2,14,22,5,-3.70,01,-.81,01,-4.05,01,9900.00,99,9900.00,99
1998,2,14,22,10,-3.39,01,-.80,01,-3.64,01,9900.00,99,9900.00,99
1998,2,14,22,15,-3.57,01,-.80,01,-3.92,01,9900.00,99,9900.00,99
1998,2,14,22,20,-4.28,01,-.87,01,-4.41,01,9900.00,99,9900.00,99
1998,2,14,22,25,-3.53,01,-.77,01,-3.89,01,9900.00,99,9900.00,99
1998,2,14,22,30,-3.08,01,-.75,01,-3.56,01,9900.00,99,9900.00,99
1998,2,14,22,35,-3.61,01,-.80,01,-3.88,01,9900.00,99,9900.00,99
1998,2,14,22,40,-4.29,01,-.91,01,-4.74,01,9900.00,99,9900.00,99
1998,2,14,22,45,-4.69,01,-1.05,01,-5.17,01,9900.00,99,9900.00,99
1998,2,14,22,50,-4.66,01,-1.00,01,-5.17,01,9900.00,99,9900.00,99
1998,2,14,22,55,-4.46,01,-.98,01,-5.12,01,9900.00,99,9900.00,99
1998,2,14,23,0,-3.82,01,-.84,01,-4.28,01,9900.00,99,9900.00,99
1998,2,14,23,5,-4.19,01,-.83,01,-4.43,01,9900.00,99,9900.00,99
1998,2,14,23,10,-4.27,01,-.79,01,-4.47,01,9900.00,99,9900.00,99
1998,2,14,23,15,-3.60,01,-.78,01,-3.77,01,9900.00,99,9900.00,99
1998,2,14,23,20,-3.71,01,-.78,01,-4.14,01,9900.00,99,9900.00,99
1998,2,14,23,25,-4.44,01,-.85,01,-4.91,01,9900.00,99,9900.00,99
1998,2,14,23,30,-4.02,01,-.78,01,-4.39,01,9900.00,99,9900.00,99
1998,2,14,23,35,-4.47,01,-.86,01,-4.85,01,9900.00,99,9900.00,99
1998,2,14,23,40,-5.73,01,-.95,01,-5.89,01,9900.00,99,9900.00,99
1998,2,14,23,45,-5.34,01,-.96,01,-5.58,01,9900.00,99,9900.00,99
1998,2,14,23,50,-4.98,01,-.93,01,-5.17,01,9900.00,99,9900.00,99
1998,2,14,23,55,-5.11,01,-.90,01,-5.31,01,9900.00,99,9900.00,99
1998,2,15,0,0,-5.40,01,-.84,01,-5.84,01,9900.00,99,9900.00,99
1998,2,15,0,5,-4.29,01,-.67,01,-5.05,01,9900.00,99,9900.00,99
1998,2,15,0,10,-2.97,01,-.19,01,-3.65,01,9900.00,99,9900.00,99
1998,2,15,0,15,-3.36,01,-.15,01,-3.78,01,9900.00,99,9900.00,99
1998,2,15,0,20,-4.16,01,-.44,01,-4.69,01,9900.00,99,9900.00,99
1998,2,15,0,25,-4.44,01,-.69,01,-5.00,01,9900.00,99,9900.00,99
1998,2,15,0,30,-4.53,01,-.78,01,-5.05,01,9900.00,99,9900.00,99
1998,2,15,0,35,-4.51,01,-.80,01,-4.80,01,9900.00,99,9900.00,99
1998,2,15,0,40,-4.51,01,-.77,01,-4.99,01,9900.00,99,9900.00,99
1998,2,15,0,45,-4.60,01,-.78,01,-5.06,01,9900.00,99,9900.00,99
1998,2,15,0,50,-4.87,01,-.80,01,-5.17,01,9900.00,99,9900.00,99
1998,2,15,0,55,-4.82,01,-.77,01,-5.19,01,9900.00,99,9900.00,99
1998,2,15,1,0,-4.91,01,-.76,01,-5.18,01,9900.00,99,9900.00,99
1998,2,15,1,5,-4.43,01,-.73,01,-4.43,01,9900.00,99,9900.00,99
1998,2,15,1,10,-4.05,01,-.62,01,-4.16,01,9900.00,99,9900.00,99
1998,2,15,1,15,-3.54,01,-.43,01,-3.66,01,9900.00,99,9900.00,99
1998,2,15,1,20,-3.64,01,-.50,01,-3.87,01,9900.00,99,9900.00,99
1998,2,15,1,25,-3.37,01,-.50,01,-3.62,01,9900.00,99,9900.00,99
1998,2,15,1,30,-3.27,01,-.44,01,-3.61,01,9900.00,99,9900.00,99
1998,2,15,1,35,-2.94,01,-.39,01,-3.49,01,9900.00,99,9900.00,99
1998,2,15,1,40,-2.93,01,-.26,01,-3.33,01,9900.00,99,9900.00,99
1998,2,15,1,45,-3.05,01,-.15,01,-3.41,01,9900.00,99,9900.00,99
1998,2,15,1,50,-3.56,01,-.15,01,-3.90,01,9900.00,99,9900.00,99
1998,2,15,1,55,-3.08,01,-.17,01,-3.46,01,9900.00,99,9900.00,99
1998,2,15,2,0,-3.82,01,-.44,01,-4.21,01,9900.00,99,9900.00,99
1998,2,15,2,5,-3.41,01,-.60,01,-3.95,01,9900.00,99,9900.00,99
1998,2,15,2,10,-2.94,01,-.66,01,-3.54,01,9900.00,99,9900.00,99
1998,2,15,2,15,-2.83,01,-.14,01,-3.20,01,9900.00,99,9900.00,99
1998,2,15,2,20,-2.88,01,-.04,01,-3.29,01,9900.00,99,9900.00,99
1998,2,15,2,25,-2.93,01,0.00,01,-3.44,01,9900.00,99,9900.00,99
1998,2,15,2,30,-3.71,01,-.15,01,-4.10,01,9900.00,99,9900.00,99
1998,2,15,2,35,-4.63,01,-.57,01,-4.99,01,9900.00,99,9900.00,99
1998,2,15,2,40,-5.06,01,-.76,01,-5.63,01,9900.00,99,9900.00,99
1998,2,15,2,45,-5.08,01,-.77,01,-5.29,01,9900.00,99,9900.00,99
1998,2,15,2,50,-4.64,01,-.68,01,-5.07,01,9900.00,99,9900.00,99
1998,2,15,2,55,-3.75,01,-.55,01,-4.35,01,9900.00,99,9900.00,99
1998,2,15,3,0,-3.65,01,-.37,01,-4.11,01,9900.00,99,9900.00,99
1998,2,15,3,5,-3.38,01,-.10,01,-3.66,01,9900.00,99,9900.00,99
1998,2,15,3,10,-3.66,01,-.06,01,-4.13,01,9900.00,99,9900.00,99
1998,2,15,3,15,-3.79,01,-.22,01,-4.26,01,9900.00,99,9900.00,99
1998,2,15,3,20,-3.63,01,-.35,01,-3.87,01,9900.00,99,9900.00,99
1998,2,15,3,25,-4.54,01,-.33,01,-4.90,01,9900.00,99,9900.00,99
1998,2,15,3,30,-4.32,01,-.37,01,-4.82,01,9900.00,99,9900.00,99
1998,2,15,3,35,-3.61,01,-.39,01,-4.17,01,9900.00,99,9900.00,99
1998,2,15,3,40,-3.65,01,-.29,01,-4.13,01,9900.00,99,9900.00,99
1998,2,15,3,45,-3.25,01,-.02,01,-3.66,01,9900.00,99,9900.00,99
1998,2,15,3,50,-3.19,01,-.01,01,-3.56,01,9900.00,99,9900.00,99
1998,2,15,3,55,-4.00,01,-.02,01,-4.37,01,9900.00,99,9900.00,99
1998,2,15,4,0,-3.50,01,-.07,01,-3.80,01,9900.00,99,9900.00,99
1998,2,15,4,5,-3.27,01,0.00,01,-3.58,01,9900.00,99,9900.00,99
1998,2,15,4,10,-3.67,01,0.00,01,-4.05,01,9900.00,99,9900.00,99
1998,2,15,4,15,-3.68,01,0.00,01,-3.93,01,9900.00,99,9900.00,99
1998,2,15,4,20,-4.08,01,-.10,01,-4.50,01,9900.00,99,9900.00,99
1998,2,15,4,25,-4.65,01,-.63,01,-5.19,01,9900.00,99,9900.00,99
1998,2,15,4,30,-4.16,01,-.71,01,-4.74,01,9900.00,99,9900.00,99
1998,2,15,4,35,-4.27,01,-.66,01,-4.84,01,9900.00,99,9900.00,99
1998,2,15,4,40,-4.36,01,-.67,01,-4.88,01,9900.00,99,9900.00,99
1998,2,15,4,45,-3.62,01,-.65,01,-4.16,01,9900.00,99,9900.00,99
1998,2,15,4,50,-3.62,01,-.71,01,-4.23,01,9900.00,99,9900.00,99
1998,2,15,4,55,-3.16,01,-.24,01,-3.53,01,9900.00,99,9900.00,99
1998,2,15,5,0,-3.25,01,-.10,01,-3.75,01,9900.00,99,9900.00,99
1998,2,15,5,5,-3.21,01,-.12,01,-3.70,01,9900.00,99,9900.00,99
1998,2,15,5,10,-2.93,01,-.08,01,-3.57,01,9900.00,99,9900.00,99
1998,2,15,5,15,-2.93,01,-.06,01,-3.39,01,9900.00,99,9900.00,99
1998,2,15,5,20,-2.93,01,-.03,01,-3.44,01,9900.00,99,9900.00,99
1998,2,15,5,25,-2.93,01,-.04,01,-3.52,01,9900.00,99,9900.00,99
1998,2,15,5,30,-2.96,01,-.07,01,-3.59,01,9900.00,99,9900.00,99
1998,2,15,5,35,-2.93,01,-.05,01,-3.28,01,9900.00,99,9900.00,99
1998,2,15,5,40,-3.08,01,-.08,01,-3.50,01,9900.00,99,9900.00,99
1998,2,15,5,45,-3.01,01,-.15,01,-3.59,01,9900.00,99,9900.00,99
1998,2,15,5,50,-2.93,01,-.10,01,-3.31,01,9900.00,99,9900.00,99
1998,2,15,5,55,-2.93,01,-.13,01,-3.56,01,9900.00,99,9900.00,99
1998,2,15,6,0,-3.46,01,-.42,01,-4.05,01,9900.00,99,9900.00,99
1998,2,15,6,5,-4.17,01,-.58,01,-4.93,01,9900.00,99,9900.00,99
1998,2,15,6,10,-4.26,01,-.58,01,-4.97,01,9900.00,99,9900.00,99
1998,2,15,6,15,-3.30,01,-.06,01,-3.85,01,9900.00,99,9900.00,99
1998,2,15,6,20,-4.19,01,-.05,01,-4.79,01,9900.00,99,9900.00,99
1998,2,15,6,25,-4.58,01,-.19,01,-5.09,01,9900.00,99,9900.00,99
1998,2,15,6,30,-3.41,01,-.10,01,-3.78,01,9900.00,99,9900.00,99
1998,2,15,6,35,-3.26,01,0.00,01,-3.60,01,9900.00,99,9900.00,99
1998,2,15,6,40,-3.46,01,-.01,01,-3.70,01,9900.00,99,9900.00,99
1998,2,15,6,45,-3.14,01,0.00,01,-3.58,01,9900.00,99,9900.00,99
1998,2,15,6,50,-3.60,01,0.00,01,-3.99,01,9900.00,99,9900.00,99
1998,2,15,6,55,-3.21,01,.01,01,-3.61,01,9900.00,99,9900.00,99
1998,2,15,7,0,-2.40,01,.01,01,-2.86,01,9900.00,99,9900.00,99
1998,2,15,7,5,-1.59,01,.17,01,-2.23,01,9900.00,99,9900.00,99
1998,2,15,7,10,-1.06,01,.01,01,-1.69,01,9900.00,99,9900.00,99
1998,2,15,7,15,.45,01,0.00,01,-.44,01,9900.00,99,9900.00,99
1998,2,15,7,20,5.24,01,.01,01,4.62,01,9900.00,99,9900.00,99
1998,2,15,7,25,9.45,01,-.04,01,8.99,01,9900.00,99,9900.00,99
1998,2,15,7,30,13.83,01,-.47,01,13.10,01,9900.00,99,9900.00,99
1998,2,15,7,35,18.44,01,-.75,01,17.75,01,9900.00,99,9900.00,99
1998,2,15,7,40,55.59,01,-.48,01,50.72,01,9900.00,99,9900.00,99
1998,2,15,7,45,91.03,01,-.39,01,84.55,08,9900.00,99,9900.00,99
1998,2,15,7,50,106.11,01,-.49,01,99.28,08,9900.00,99,9900.00,99
1998,2,15,7,55,122.69,01,-.66,01,115.18,08,9900.00,99,9900.00,99
1998,2,15,8,0,138.55,01,-.84,01,130.28,08,9900.00,99,9900.00,99
1998,2,15,8,5,165.30,01,-.88,01,155.82,08,9900.00,99,9900.00,99
1998,2,15,8,10,184.75,01,-.86,01,174.65,08,9900.00,99,9900.00,99
1998,2,15,8,15,205.20,93,-.69,92,194.58,08,9900.00,99,9900.00,99
1998,2,15,8,20,232.70,93,-.66,92,221.45,08,9900.00,99,9900.00,99
1998,2,15,8,25,254.28,93,-.78,92,242.44,08,9900.00,99,9900.00,99
1998,2,15,8,30,269.72,93,-.86,92,257.22,08,9900.00,99,9900.00,99
1998,2,15,8,35,292.44,93,-1.23,92,279.02,08,9900.00,99,9900.00,99
1998,2,15,8,40,313.20,93,-1.24,92,298.78,08,9900.00,99,9900.00,99
1998,2,15,8,45,333.40,93,-.80,92,317.64,08,9900.00,99,9900.00,99
1998,2,15,8,50,352.54,93,-.32,92,334.19,08,9900.00,99,9900.00,99
1998,2,15,8,55,362.26,93,-.74,92,343.07,08,9900.00,99,9900.00,99
1998,2,15,9,0,376.85,93,-1.16,92,357.16,08,9900.00,99,9900.00,99
1998,2,15,9,5,386.58,93,-1.43,92,367.14,08,9900.00,99,9900.00,99
1998,2,15,9,10,410.70,93,-1.33,92,391.50,08,9900.00,99,9900.00,99
1998,2,15,9,15,426.74,93,-1.76,92,407.88,08,9900.00,99,9900.00,99
1998,2,15,9,20,442.48,93,-2.13,92,425.01,08,9900.00,99,9900.00,99
1998,2,15,9,25,455.76,93,-2.35,92,439.16,08,9900.00,99,9900.00,99
1998,2,15,9,30,464.03,93,-2.32,92,448.32,08,9900.00,99,9900.00,99
1998,2,15,9,35,476.77,85,-2.41,84,461.73,08,9900.00,99,9900.00,99
1998,2,15,9,40,487.63,85,-2.27,84,472.93,08,9900.00,99,9900.00,99
1998,2,15,9,45,499.79,81,-2.72,80,485.07,08,9900.00,99,9900.00,99
1998,2,15,9,50,505.38,77,-2.69,76,491.02,08,9900.00,99,9900.00,99
1998,2,15,9,55,513.00,73,-2.55,72,498.52,08,9900.00,99,9900.00,99
1998,2,15,10,0,522.14,73,-2.24,72,507.37,08,9900.00,99,9900.00,99
1998,2,15,10,5,527.79,69,-2.03,68,511.35,08,9900.00,99,9900.00,99
1998,2,15,10,10,533.54,69,-2.20,68,515.40,08,9900.00,99,9900.00,99
1998,2,15,10,15,538.58,65,-2.17,64,519.14,08,9900.00,99,9900.00,99
1998,2,15,10,20,548.29,61,-2.32,60,529.27,08,9900.00,99,9900.00,99
1998,2,15,10,25,553.21,61,-2.52,60,534.87,08,9900.00,99,9900.00,99
1998,2,15,10,30,554.65,53,-1.52,52,538.96,08,9900.00,99,9900.00,99
1998,2,15,10,35,555.21,53,-1.41,52,543.14,08,9900.00,99,9900.00,99
1998,2,15,10,40,565.31,53,-1.10,52,556.36,08,9900.00,99,9900.00,99
1998,2,15,10,45,573.84,53,-.95,52,566.62,08,9900.00,99,9900.00,99
1998,2,15,10,50,588.80,53,-1.00,52,583.27,08,9900.00,99,9900.00,99
1998,2,15,10,55,596.60,53,-1.00,52,591.99,08,9900.00,99,9900.00,99
1998,2,15,11,0,613.52,57,-.87,56,610.46,08,9900.00,99,9900.00,99
1998,2,15,11,5,623.09,61,-1.00,60,621.55,08,9900.00,99,9900.00,99
1998,2,15,11,10,631.86,61,-.98,60,630.90,08,9900.00,99,9900.00,99
1998,2,15,11,15,638.64,61,-.89,60,637.72,08,9900.00,99,9900.00,99
1998,2,15,11,20,648.02,61,-.53,60,647.87,08,9900.00,99,9900.00,99
1998,2,15,11,25,660.59,65,-1.01,64,660.65,08,9900.00,99,9900.00,99
1998,2,15,11,30,665.71,65,-1.16,64,665.01,08,9900.00,99,9900.00,99
1998,2,15,11,35,669.33,61,-1.34,60,667.68,08,9900.00,99,9900.00,99
1998,2,15,11,40,671.60,61,-1.52,60,669.03,08,9900.00,99,9900.00,99
1998,2,15,11,45,677.15,61,-1.63,60,675.90,08,9900.00,99,9900.00,99
1998,2,15,11,50,680.25,61,-.94,60,680.22,08,9900.00,99,9900.00,99
1998,2,15,11,55,688.48,65,-.84,64,689.64,08,9900.00,99,9900.00,99
1998,2,15,12,0,692.44,65,-.72,64,693.09,08,9900.00,99,9900.00,99
1998,2,15,12,5,696.22,61,11.95,60,696.31,08,9900.00,99,9900.00,99
1998,2,15,12,10,705.16,65,-.70,64,706.63,08,9900.00,99,9900.00,99
1998,2,15,12,15,708.30,69,-.53,68,711.29,08,9900.00,99,9900.00,99
1998,2,15,12,20,711.61,69,-1.60,68,713.64,08,9900.00,99,9900.00,99
1998,2,15,12,25,703.37,65,-.93,64,704.80,08,9900.00,99,9900.00,99
1998,2,15,12,30,703.93,65,-1.02,64,705.37,08,9900.00,99,9900.00,99
1998,2,15,12,35,708.71,65,-1.22,64,709.11,08,9900.00,99,9900.00,99
1998,2,15,12,40,702.42,61,-1.98,60,701.62,08,9900.00,99,9900.00,99
1998,2,15,12,45,712.13,65,-1.92,64,711.01,08,9900.00,99,9900.00,99
1998,2,15,12,50,695.89,61,-1.08,60,693.56,08,9900.00,99,9900.00,99
1998,2,15,12,55,705.90,65,-.66,64,704.38,08,9900.00,99,9900.00,99
1998,2,15,13,0,700.99,61,-.42,60,700.64,08,9900.00,99,9900.00,99
1998,2,15,13,5,703.64,65,-.91,64,704.00,08,9900.00,99,9900.00,99
1998,2,15,13,10,705.16,65,-1.29,64,705.08,08,9900.00,99,9900.00,99
1998,2,15,13,15,696.96,65,-1.51,64,694.83,08,9900.00,99,9900.00,99
1998,2,15,13,20,701.24,69,-2.05,68,698.60,08,9900.00,99,9900.00,99
1998,2,15,13,25,703.92,69,-1.20,68,694.64,08,9900.00,99,9900.00,99
1998,2,15,13,30,613.40,37,-.88,36,587.82,08,9900.00,99,9900.00,99
1998,2,15,13,35,593.02,11,-1.50,10,561.90,10,9900.00,99,9900.00,99
1998,2,15,13,40,614.17,41,-2.17,40,579.38,08,9900.00,99,9900.00,99
1998,2,15,13,45,597.02,15,-2.55,14,560.26,14,9900.00,99,9900.00,99
1998,2,15,13,50,590.45,19,-2.12,18,551.87,18,9900.00,99,9900.00,99
1998,2,15,13,55,604.48,41,-2.32,40,565.57,08,9900.00,99,9900.00,99
1998,2,15,14,0,581.29,19,-2.87,18,539.25,18,9900.00,99,9900.00,99
1998,2,15,14,5,543.89,19,-2.68,18,499.71,18,9900.00,99,9900.00,99
1998,2,15,14,10,524.26,19,-2.75,18,481.79,18,9900.00,99,9900.00,99
1998,2,15,14,15,557.22,19,-2.81,18,518.21,18,9900.00,99,9900.00,99
1998,2,15,14,20,593.98,53,-2.39,52,558.73,08,9900.00,99,9900.00,99
1998,2,15,14,25,609.37,57,-2.66,56,577.62,08,9900.00,99,9900.00,99
1998,2,15,14,30,586.32,53,-2.32,52,554.79,08,9900.00,99,9900.00,99
1998,2,15,14,35,543.98,41,-2.15,40,509.37,08,9900.00,99,9900.00,99
1998,2,15,14,40,506.36,19,-2.01,18,469.86,18,9900.00,99,9900.00,99
1998,2,15,14,45,494.64,19,-1.23,18,460.18,18,9900.00,99,9900.00,99
1998,2,15,14,50,503.93,15,-.93,14,473.54,14,9900.00,99,9900.00,99
1998,2,15,14,55,556.98,61,-1.17,60,536.16,08,9900.00,99,9900.00,99
1998,2,15,15,0,543.22,57,-1.81,56,519.61,08,9900.00,99,9900.00,99
1998,2,15,15,5,491.63,41,-2.24,40,461.35,08,9900.00,99,9900.00,99
1998,2,15,15,10,482.67,41,-2.41,40,453.79,08,9900.00,99,9900.00,99
1998,2,15,15,15,483.97,45,-2.41,44,458.36,08,9900.00,99,9900.00,99
1998,2,15,15,20,482.65,53,-2.32,52,460.13,08,9900.00,99,9900.00,99
1998,2,15,15,25,465.22,49,-1.89,48,438.32,08,9900.00,99,9900.00,99
1998,2,15,15,30,445.41,45,-2.48,44,411.80,08,9900.00,99,9900.00,99
1998,2,15,15,35,427.37,27,-2.85,26,384.31,26,9900.00,99,9900.00,99
1998,2,15,15,40,417.40,41,-3.02,40,411.76,08,9900.00,99,9900.00,99
1998,2,15,15,45,403.01,53,-2.55,52,382.40,08,9900.00,99,9900.00,99
1998,2,15,15,50,385.96,53,-2.30,52,349.03,08,9900.00,99,9900.00,99
1998,2,15,15,55,371.84,39,-2.41,38,317.68,38,9900.00,99,9900.00,99
1998,2,15,16,0,356.47,55,-2.72,54,285.71,54,9900.00,99,9900.00,99
1998,2,15,16,5,340.33,67,-2.90,66,254.36,66,9900.00,99,9900.00,99
1998,2,15,16,10,325.58,87,-3.10,86,224.59,86,9900.00,99,9900.00,99
1998,2,15,16,15,240.91,71,-3.06,70,159.96,70,9900.00,99,9900.00,99
1998,2,15,16,20,179.09,51,-2.86,50,120.35,50,9900.00,99,9900.00,99
1998,2,15,16,25,221.92,75,-2.62,74,142.19,74,9900.00,99,9900.00,99
1998,2,15,16,30,189.71,67,-2.35,66,125.06,66,9900.00,99,9900.00,99
1998,2,15,16,35,151.22,43,-2.15,42,110.64,42,9900.00,99,9900.00,99
1998,2,15,16,40,152.03,39,-1.99,38,116.47,38,9900.00,99,9900.00,99
1998,2,15,16,45,169.25,51,-1.61,50,125.13,50,9900.00,99,9900.00,99
1998,2,15,16,50,154.65,47,-1.27,46,118.63,46,9900.00,99,9900.00,99
1998,2,15,16,55,118.44,23,-1.20,22,100.37,22,9900.00,99,9900.00,99
1998,2,15,17,0,100.81,19,-1.24,18,87.21,18,9900.00,99,9900.00,99
1998,2,15,17,5,117.02,43,-1.20,42,87.99,42,9900.00,99,9900.00,99
1998,2,15,17,10,115.33,01,-1.18,01,85.16,01,9900.00,99,9900.00,99
1998,2,15,17,15,96.79,01,-1.16,01,75.15,01,9900.00,99,9900.00,99
1998,2,15,17,20,100.73,01,-1.16,01,71.02,01,9900.00,99,9900.00,99
1998,2,15,17,25,75.18,01,-1.29,01,62.05,01,9900.00,99,9900.00,99
1998,2,15,17,30,64.77,01,-1.23,01,53.62,01,9900.00,99,9900.00,99
1998,2,15,17,35,56.14,01,-1.29,01,44.73,01,9900.00,99,9900.00,99
1998,2,15,17,40,39.95,01,-1.16,01,34.64,01,9900.00,99,9900.00,99
1998,2,15,17,45,32.58,01,-1.18,01,28.07,01,9900.00,99,9900.00,99
1998,2,15,17,50,22.78,01,-1.16,01,21.55,01,9900.00,99,9900.00,99
1998,2,15,17,55,13.46,01,-1.16,01,13.23,01,9900.00,99,9900.00,99
1998,2,15,18,0,4.88,01,-1.16,01,4.74,01,9900.00,99,9900.00,99
1998,2,15,18,5,.59,01,-1.14,01,.05,01,9900.00,99,9900.00,99
1998,2,15,18,10,-.99,01,-1.13,01,-1.30,01,9900.00,99,9900.00,99
1998,2,15,18,15,-2.34,01,-.98,01,-2.72,01,9900.00,99,9900.00,99
1998,2,15,18,20,-3.10,01,-.88,01,-3.35,01,9900.00,99,9900.00,99
1998,2,15,18,25,-3.65,01,-.97,01,-3.78,01,9900.00,99,9900.00,99
1998,2,15,18,30,-3.65,01,-.85,01,-3.81,01,9900.00,99,9900.00,99
1998,2,15,18,35,-3.17,01,-.82,01,-3.31,01,9900.00,99,9900.00,99
1998,2,15,18,40,-3.47,01,-.89,01,-3.61,01,9900.00,99,9900.00,99
1998,2,15,18,45,-3.30,01,-.84,01,-3.56,01,9900.00,99,9900.00,99
1998,2,15,18,50,-3.32,01,-.84,01,-3.54,01,9900.00,99,9900.00,99
1998,2,15,18,55,-2.99,01,-.80,01,-3.42,01,9900.00,99,9900.00,99
1998,2,15,19,0,-3.61,01,-.86,01,-3.80,01,9900.00,99,9900.00,99
1998,2,15,19,5,-3.45,01,-.82,01,-3.58,01,9900.00,99,9900.00,99
1998,2,15,19,10,-3.86,01,-.96,01,-4.00,01,9900.00,99,9900.00,99
1998,2,15,19,15,-3.95,01,-.93,01,-4.15,01,9900.00,99,9900.00,99
1998,2,15,19,20,-3.79,01,-.84,01,-4.17,01,9900.00,99,9900.00,99
1998,2,15,19,25,-3.01,01,-.78,01,-3.49,01,9900.00,99,9900.00,99
1998,2,15,19,30,-3.72,01,-.80,01,-4.04,01,9900.00,99,9900.00,99
1998,2,15,19,35,-3.06,01,-.77,01,-3.37,01,9900.00,99,9900.00,99
1998,2,15,19,40,-2.93,01,-.73,01,-3.16,01,9900.00,99,9900.00,99
1998,2,15,19,45,-2.92,01,-.77,01,-3.15,01,9900.00,99,9900.00,99
1998,2,15,19,50,-2.93,01,-.77,01,-3.18,01,9900.00,99,9900.00,99
1998,2,15,19,55,-2.93,01,-.78,01,-3.29,01,9900.00,99,9900.00,99
1998,2,15,20,0,-2.92,01,-.75,01,-3.21,01,9900.00,99,9900.00,99
1998,2,15,20,5,-2.67,01,-.76,01,-2.95,01,9900.00,99,9900.00,99
1998,2,15,20,10,-2.85,01,-.77,01,-3.03,01,9900.00,99,9900.00,99
1998,2,15,20,15,-2.97,01,-.83,01,-3.32,01,9900.00,99,9900.00,99
1998,2,15,20,20,-3.00,01,-.85,01,-3.40,01,9900.00,99,9900.00,99
1998,2,15,20,25,-2.93,01,-.80,01,-3.27,01,9900.00,99,9900.00,99
1998,2,15,20,30,-2.93,01,-.81,01,-3.19,01,9900.00,99,9900.00,99
1998,2,15,20,35,-2.93,01,-.79,01,-3.27,01,9900.00,99,9900.00,99
1998,2,15,20,40,-2.93,01,-.77,01,-3.18,01,9900.00,99,9900.00,99
1998,2,15,20,45,-2.92,01,-.78,01,-3.16,01,9900.00,99,9900.00,99
1998,2,15,20,50,-2.93,01,-.76,01,-3.22,01,9900.00,99,9900.00,99
1998,2,15,20,55,-2.71,01,-.71,01,-2.98,01,9900.00,99,9900.00,99
1998,2,15,21,0,-2.24,01,-.58,01,-2.72,01,9900.00,99,9900.00,99
1998,2,15,21,5,-2.59,01,-.73,01,-3.00,01,9900.00,99,9900.00,99
1998,2,15,21,10,-2.31,01,-.69,01,-2.77,01,9900.00,99,9900.00,99
1998,2,15,21,15,-2.38,01,-.72,01,-2.82,01,9900.00,99,9900.00,99
1998,2,15,21,20,-2.93,01,-.80,01,-3.27,01,9900.00,99,9900.00,99
1998,2,15,21,25,-2.93,01,-.78,01,-3.23,01,9900.00,99,9900.00,99
1998,2,15,21,30,-2.93,01,-.75,01,-3.23,01,9900.00,99,9900.00,99
1998,2,15,21,35,-2.93,01,-.77,01,-3.18,01,9900.00,99,9900.00,99
1998,2,15,21,40,-2.93,01,-.76,01,-3.19,01,9900.00,99,9900.00,99
1998,2,15,21,45,-2.85,01,-.75,01,-3.07,01,9900.00,99,9900.00,99
1998,2,15,21,50,-2.71,01,-.77,01,-2.98,01,9900.00,99,9900.00,99
1998,2,15,21,55,-2.93,01,-.76,01,-3.17,01,9900.00,99,9900.00,99
1998,2,15,22,0,-2.66,01,-.70,01,-2.95,01,9900.00,99,9900.00,99
1998,2,15,22,5,-2.85,01,-.77,01,-3.06,01,9900.00,99,9900.00,99
1998,2,15,22,10,-2.38,01,-.66,01,-2.80,01,9900.00,99,9900.00,99
1998,2,15,22,15,-2.16,01,-.72,01,-2.68,01,9900.00,99,9900.00,99
1998,2,15,22,20,-2.27,01,-.74,01,-2.78,01,9900.00,99,9900.00,99
1998,2,15,22,25,-2.34,01,-.75,01,-2.80,01,9900.00,99,9900.00,99
1998,2,15,22,30,-2.91,01,-.77,01,-3.16,01,9900.00,99,9900.00,99
1998,2,15,22,35,-2.89,01,-.75,01,-3.14,01,9900.00,99,9900.00,99
1998,2,15,22,40,-2.51,01,-.65,01,-2.83,01,9900.00,99,9900.00,99
1998,2,15,22,45,-2.13,01,-.64,01,-2.64,01,9900.00,99,9900.00,99
1998,2,15,22,50,-2.66,01,-.75,01,-2.99,01,9900.00,99,9900.00,99
1998,2,15,22,55,-2.25,01,-.70,01,-2.78,01,9900.00,99,9900.00,99
1998,2,15,23,0,-2.27,01,-.70,01,-2.79,01,9900.00,99,9900.00,99
1998,2,15,23,5,-2.29,01,-.60,01,-2.76,01,9900.00,99,9900.00,99
1998,2,15,23,10,-1.77,01,-.52,01,-2.31,01,9900.00,99,9900.00,99
1998,2,15,23,15,-1.66,01,-.50,01,-2.24,01,9900.00,99,9900.00,99
1998,2,15,23,20,-2.52,01,-.66,01,-2.90,01,9900.00,99,9900.00,99
1998,2,15,23,25,-2.22,01,-.59,01,-2.72,01,9900.00,99,9900.00,99
1998,2,15,23,30,-2.02,01,-.50,01,-2.46,01,9900.00,99,9900.00,99
1998,2,15,23,35,-1.85,01,-.50,01,-2.36,01,9900.00,99,9900.00,99
1998,2,15,23,40,-2.47,01,-.64,01,-2.90,01,9900.00,99,9900.00,99
1998,2,15,23,45,-2.73,01,-.68,01,-3.02,01,9900.00,99,9900.00,99
1998,2,15,23,50,-2.24,01,-.53,01,-2.78,01,9900.00,99,9900.00,99
1998,2,15,23,55,-2.37,01,-.50,01,-2.80,01,9900.00,99,9900.00,99
1998,2,16,0,0,-1.94,01,-.50,01,-2.50,01,9900.00,99,9900.00,99
1998,2,16,0,5,-2.11,01,-.59,01,-2.56,01,9900.00,99,9900.00,99
1998,2,16,0,10,-2.19,01,-.56,01,-2.78,01,9900.00,99,9900.00,99
1998,2,16,0,15,-2.16,01,-.57,01,-2.74,01,9900.00,99,9900.00,99
1998,2,16,0,20,-2.26,01,-.51,01,-2.76,01,9900.00,99,9900.00,99
1998,2,16,0,25,-1.73,01,-.55,01,-2.28,01,9900.00,99,9900.00,99
1998,2,16,0,30,-1.46,01,-.49,01,-2.04,01,9900.00,99,9900.00,99
1998,2,16,0,35,-1.51,01,-.38,01,-2.09,01,9900.00,99,9900.00,99
1998,2,16,0,40,-.91,01,-.34,01,-1.34,01,9900.00,99,9900.00,99
1998,2,16,0,45,-1.09,01,-.44,01,-1.70,01,9900.00,99,9900.00,99
1998,2,16,0,50,-1.24,01,-.44,01,-1.94,01,9900.00,99,9900.00,99
1998,2,16,0,55,-1.26,01,-.48,01,-1.97,01,9900.00,99,9900.00,99
1998,2,16,1,0,-1.08,01,-.42,01,-1.60,01,9900.00,99,9900.00,99
1998,2,16,1,5,-.89,01,-.40,01,-1.21,01,9900.00,99,9900.00,99
1998,2,16,1,10,-.96,01,-.39,01,-1.26,01,9900.00,99,9900.00,99
1998,2,16,1,15,-.76,01,-.43,01,-1.19,01,9900.00,99,9900.00,99
1998,2,16,1,20,-1.18,01,-.48,01,-1.72,01,9900.00,99,9900.00,99
1998,2,16,1,25,-1.46,01,-.53,01,-2.13,01,9900.00,99,9900.00,99
1998,2,16,1,30,-1.13,01,-.45,01,-1.93,01,9900.00,99,9900.00,99
1998,2,16,1,35,-1.32,01,-.50,01,-1.96,01,9900.00,99,9900.00,99
1998,2,16,1,40,-1.40,01,-.50,01,-2.07,01,9900.00,99,9900.00,99
1998,2,16,1,45,-1.41,01,-.46,01,-2.02,01,9900.00,99,9900.00,99
1998,2,16,1,50,-1.43,01,-.42,01,-2.00,01,9900.00,99,9900.00,99
1998,2,16,1,55,-1.32,01,-.46,01,-1.98,01,9900.00,99,9900.00,99
1998,2,16,2,0,-1.21,01,-.41,01,-1.85,01,9900.00,99,9900.00,99
1998,2,16,2,5,-1.06,01,-.44,01,-1.47,01,9900.00,99,9900.00,99
1998,2,16,2,10,-1.08,01,-.39,01,-1.70,01,9900.00,99,9900.00,99
1998,2,16,2,15,-1.04,01,-.37,01,-1.55,01,9900.00,99,9900.00,99
1998,2,16,2,20,-.86,01,-.37,01,-1.29,01,9900.00,99,9900.00,99
1998,2,16,2,25,-.80,01,-.39,01,-1.22,01,9900.00,99,9900.00,99
1998,2,16,2,30,-.85,01,-.41,01,-1.23,01,9900.00,99,9900.00,99
1998,2,16,2,35,-.78,01,-.42,01,-1.19,01,9900.00,99,9900.00,99
1998,2,16,2,40,-.70,01,-.38,01,-1.20,01,9900.00,99,9900.00,99
1998,2,16,2,45,-.65,01,-.33,01,-1.19,01,9900.00,99,9900.00,99
1998,2,16,2,50,-.66,01,-.41,01,-1.20,01,9900.00,99,9900.00,99
1998,2,16,2,55,-.72,01,-.41,01,-1.19,01,9900.00,99,9900.00,99
1998,2,16,3,0,-.69,01,-.38,01,-1.19,01,9900.00,99,9900.00,99
1998,2,16,3,5,-.65,01,-.41,01,-1.19,01,9900.00,99,9900.00,99
1998,2,16,3,10,-.65,01,-.33,01,-1.18,01,9900.00,99,9900.00,99
1998,2,16,3,15,-.26,01,-.27,01,-1.03,01,9900.00,99,9900.00,99
1998,2,16,3,20,-.09,01,-.32,01,-.93,01,9900.00,99,9900.00,99
1998,2,16,3,25,-.20,01,-.28,01,-.99,01,9900.00,99,9900.00,99
1998,2,16,3,30,-.49,01,-.23,01,-1.12,01,9900.00,99,9900.00,99
1998,2,16,3,35,-.67,01,-.24,01,-1.19,01,9900.00,99,9900.00,99
1998,2,16,3,40,-.71,01,-.31,01,-1.19,01,9900.00,99,9900.00,99
1998,2,16,3,45,-.29,01,-.26,01,-.97,01,9900.00,99,9900.00,99
1998,2,16,3,50,.03,01,-.30,01,-.58,01,9900.00,99,9900.00,99
1998,2,16,3,55,.05,01,-.32,01,-.56,01,9900.00,99,9900.00,99
1998,2,16,4,0,.07,01,-.41,01,-.49,01,9900.00,99,9900.00,99
1998,2,16,4,5,.11,01,-.39,01,-.44,01,9900.00,99,9900.00,99
1998,2,16,4,10,.07,01,-.38,01,-.44,01,9900.00,99,9900.00,99
1998,2,16,4,15,.07,01,-.46,01,-.48,01,9900.00,99,9900.00,99
1998,2,16,4,20,.02,01,-.52,01,-.74,01,9900.00,99,9900.00,99
1998,2,16,4,25,.02,01,-.49,01,-.74,01,9900.00,99,9900.00,99
1998,2,16,4,30,.02,01,-.48,01,-.75,01,9900.00,99,9900.00,99
1998,2,16,4,35,.04,01,-.37,01,-.64,01,9900.00,99,9900.00,99
1998,2,16,4,40,.04,01,-.37,01,-.50,01,9900.00,99,9900.00,99
1998,2,16,4,45,.05,01,-.35,01,-.56,01,9900.00,99,9900.00,99
1998,2,16,4,50,.04,01,-.44,01,-.45,01,9900.00,99,9900.00,99
1998,2,16,4,55,.04,01,-.40,01,-.54,01,9900.00,99,9900.00,99
1998,2,16,5,0,.04,01,-.34,01,-.65,01,9900.00,99,9900.00,99
1998,2,16,5,5,0.00,01,-.32,01,-.83,01,9900.00,99,9900.00,99
1998,2,16,5,10,.02,01,-.30,01,-.65,01,9900.00,99,9900.00,99
1998,2,16,5,15,.07,01,-.27,01,-.50,01,9900.00,99,9900.00,99
1998,2,16,5,20,.09,01,-.18,01,-.42,01,9900.00,99,9900.00,99
1998,2,16,5,25,.06,01,-.28,01,-.45,01,9900.00,99,9900.00,99
1998,2,16,5,30,.05,01,-.26,01,-.62,01,9900.00,99,9900.00,99
1998,2,16,5,35,.05,01,-.31,01,-.66,01,9900.00,99,9900.00,99
1998,2,16,5,40,0.00,01,-.33,01,-.65,01,9900.00,99,9900.00,99
1998,2,16,5,45,-.07,01,-.42,01,-.85,01,9900.00,99,9900.00,99
1998,2,16,5,50,-.01,01,-.29,01,-.74,01,9900.00,99,9900.00,99
1998,2,16,5,55,.03,01,-.41,01,-.68,01,9900.00,99,9900.00,99
1998,2,16,6,0,-.13,01,-.54,01,-.88,01,9900.00,99,9900.00,99
1998,2,16,6,5,-.51,01,-.44,01,-1.13,01,9900.00,99,9900.00,99
1998,2,16,6,10,-.99,01,-.21,01,-1.36,01,9900.00,99,9900.00,99
1998,2,16,6,15,-1.46,01,-.03,01,-1.96,01,9900.00,99,9900.00,99
1998,2,16,6,20,-1.34,01,-.09,01,-1.77,01,9900.00,99,9900.00,99
1998,2,16,6,25,-1.15,01,-.06,01,-1.51,01,9900.00,99,9900.00,99
1998,2,16,6,30,-1.16,01,-.12,01,-1.62,01,9900.00,99,9900.00,99
1998,2,16,6,35,-1.06,01,-.24,01,-1.59,01,9900.00,99,9900.00,99
1998,2,16,6,40,-.71,01,.04,01,-1.17,01,9900.00,99,9900.00,99
1998,2,16,6,45,.31,01,-.14,01,-.44,01,9900.00,99,9900.00,99
1998,2,16,6,50,.75,01,-.65,01,0.00,01,9900.00,99,9900.00,99
1998,2,16,6,55,.99,01,-.68,01,.37,01,9900.00,99,9900.00,99
1998,2,16,7,0,.98,01,-.57,01,.64,01,9900.00,99,9900.00,99
1998,2,16,7,5,.85,01,-.15,01,.51,01,9900.00,99,9900.00,99
1998,2,16,7,10,.59,01,-.08,01,.19,01,9900.00,99,9900.00,99
1998,2,16,7,15,1.25,01,-.50,01,.94,01,9900.00,99,9900.00,99
1998,2,16,7,20,2.12,01,-.74,01,1.35,01,9900.00,99,9900.00,99
1998,2,16,7,25,2.43,01,-.78,01,1.59,01,9900.00,99,9900.00,99
1998,2,16,7,30,3.19,01,-.76,01,2.79,01,9900.00,99,9900.00,99
1998,2,16,7,35,4.44,01,-.75,01,3.81,01,9900.00,99,9900.00,99
1998,2,16,7,40,5.96,01,-.73,01,5.63,01,9900.00,99,9900.00,99
1998,2,16,7,45,7.84,01,-.76,01,7.54,01,9900.00,99,9900.00,99
1998,2,16,7,50,8.80,01,-.75,01,8.18,01,9900.00,99,9900.00,99
1998,2,16,7,55,10.69,01,-.53,01,9.84,01,9900.00,99,9900.00,99
1998,2,16,8,0,13.56,01,-.60,01,12.57,01,9900.00,99,9900.00,99
1998,2,16,8,5,17.72,01,-.52,01,16.38,01,9900.00,99,9900.00,99
1998,2,16,8,10,22.51,01,-.57,01,21.42,01,9900.00,99,9900.00,99
1998,2,16,8,15,28.19,03,-.28,03,26.50,03,9900.00,99,9900.00,99
1998,2,16,8,20,32.73,03,-.45,03,30.88,03,9900.00,99,9900.00,99
1998,2,16,8,25,39.41,03,-.31,03,37.63,03,9900.00,99,9900.00,99
1998,2,16,8,30,44.75,03,-.33,03,42.47,03,9900.00,99,9900.00,99
1998,2,16,8,35,54.80,03,-.26,03,51.88,03,9900.00,99,9900.00,99
1998,2,16,8,40,63.38,03,-.45,03,60.35,03,9900.00,99,9900.00,99
1998,2,16,8,45,74.11,03,-.42,03,71.04,03,9900.00,99,9900.00,99
1998,2,16,8,50,83.17,03,-.46,03,79.55,03,9900.00,99,9900.00,99
1998,2,16,8,55,86.45,03,-.37,03,83.42,03,9900.00,99,9900.00,99
1998,2,16,9,0,82.79,03,-.32,03,79.47,03,9900.00,99,9900.00,99
1998,2,16,9,5,79.94,03,-.19,03,76.84,03,9900.00,99,9900.00,99
1998,2,16,9,10,72.76,03,-.17,03,70.28,03,9900.00,99,9900.00,99
1998,2,16,9,15,78.84,03,-.15,03,76.10,03,9900.00,99,9900.00,99
1998,2,16,9,20,87.06,03,-.25,03,83.94,03,9900.00,99,9900.00,99
1998,2,16,9,25,104.69,03,-.21,03,100.06,03,9900.00,99,9900.00,99
1998,2,16,9,30,113.45,03,-.22,03,108.32,03,9900.00,99,9900.00,99
1998,2,16,9,35,132.75,03,-.37,03,128.38,03,9900.00,99,9900.00,99
1998,2,16,9,40,165.45,03,-.29,03,161.90,03,9900.00,99,9900.00,99
1998,2,16,9,45,132.74,03,-.35,03,130.26,03,9900.00,99,9900.00,99
1998,2,16,9,50,145.94,03,-.39,03,142.73,03,9900.00,99,9900.00,99
1998,2,16,9,55,190.09,03,-.28,03,187.30,03,9900.00,99,9900.00,99
1998,2,16,10,0,183.28,03,-.10,03,180.34,03,9900.00,99,9900.00,99
1998,2,16,10,5,236.40,03,-.02,03,232.86,03,9900.00,99,9900.00,99
1998,2,16,10,10,267.92,03,-.03,03,264.26,03,9900.00,99,9900.00,99
1998,2,16,10,15,287.28,03,-.01,03,284.17,03,9900.00,99,9900.00,99
1998,2,16,10,20,151.64,03,-.10,03,150.04,03,9900.00,99,9900.00,99
1998,2,16,10,25,154.53,03,-.09,03,151.44,03,9900.00,99,9900.00,99
1998,2,16,10,30,145.06,03,-.13,03,142.36,03,9900.00,99,9900.00,99
1998,2,16,10,35,172.21,03,-.24,03,169.81,03,9900.00,99,9900.00,99
1998,2,16,10,40,157.81,03,-.14,03,155.80,03,9900.00,99,9900.00,99
1998,2,16,10,45,172.08,03,-.07,03,169.69,03,9900.00,99,9900.00,99
1998,2,16,10,50,143.26,03,-.09,03,140.90,03,9900.00,99,9900.00,99
1998,2,16,10,55,184.81,03,0.00,03,181.58,03,9900.00,99,9900.00,99
1998,2,16,11,0,174.34,03,0.00,03,171.87,03,9900.00,99,9900.00,99
1998,2,16,11,5,201.14,03,-.04,03,198.80,03,9900.00,99,9900.00,99
1998,2,16,11,10,173.07,03,-.77,03,171.51,03,9900.00,99,9900.00,99
1998,2,16,11,15,153.28,03,-1.17,03,150.97,03,9900.00,99,9900.00,99
1998,2,16,11,20,153.94,03,-1.90,03,151.13,03,9900.00,99,9900.00,99
1998,2,16,11,25,239.75,03,-1.53,03,236.68,03,9900.00,99,9900.00,99
1998,2,16,11,30,269.89,03,-1.05,03,265.84,03,9900.00,99,9900.00,99
1998,2,16,11,35,208.15,03,-.97,03,203.82,03,9900.00,99,9900.00,99
1998,2,16,11,40,274.35,03,-.93,03,267.63,03,9900.00,99,9900.00,99
1998,2,16,11,45,257.22,03,-1.08,03,248.17,03,9900.00,99,9900.00,99
1998,2,16,11,50,192.01,03,-.98,03,184.82,03,9900.00,99,9900.00,99
1998,2,16,11,55,230.38,03,-1.09,03,222.71,03,9900.00,99,9900.00,99
1998,2,16,12,0,198.39,03,-1.09,03,192.09,03,9900.00,99,9900.00,99
1998,2,16,12,5,274.03,03,-1.00,03,264.99,03,9900.00,99,9900.00,99
1998,2,16,12,10,430.05,03,-.69,03,415.29,03,9900.00,99,9900.00,99
1998,2,16,12,15,277.77,03,-1.35,03,268.91,03,9900.00,99,9900.00,99
1998,2,16,12,20,151.83,03,-1.31,03,146.24,03,9900.00,99,9900.00,99
1998,2,16,12,25,169.15,03,-.98,03,164.00,03,9900.00,99,9900.00,99
1998,2,16,12,30,289.11,03,-.93,03,280.45,03,9900.00,99,9900.00,99
1998,2,16,12,35,251.35,03,-.98,03,243.56,03,9900.00,99,9900.00,99
1998,2,16,12,40,258.73,03,-1.00,03,248.45,03,9900.00,99,9900.00,99
1998,2,16,12,45,263.65,03,-1.07,03,254.68,03,9900.00,99,9900.00,99
1998,2,16,12,50,239.48,03,-.96,03,229.66,03,9900.00,99,9900.00,99
1998,2,16,12,55,286.92,03,-1.02,03,276.12,03,9900.00,99,9900.00,99
1998,2,16,13,0,209.30,03,-1.13,03,202.47,03,9900.00,99,9900.00,99
1998,2,16,13,5,126.76,03,-1.15,03,122.83,03,9900.00,99,9900.00,99
1998,2,16,13,10,82.13,03,-1.07,03,79.26,03,9900.00,99,9900.00,99
1998,2,16,13,15,77.27,03,-.86,03,74.02,03,9900.00,99,9900.00,99
1998,2,16,13,20,100.41,03,-.78,03,96.69,03,9900.00,99,9900.00,99
1998,2,16,13,25,139.93,03,-.77,03,136.13,03,9900.00,99,9900.00,99
1998,2,16,13,30,240.29,03,-.62,03,234.84,03,9900.00,99,9900.00,99
1998,2,16,13,35,198.67,03,-1.00,03,194.52,03,9900.00,99,9900.00,99
1998,2,16,13,40,261.41,03,-.96,03,254.95,03,9900.00,99,9900.00,99
1998,2,16,13,45,365.22,03,-1.03,03,356.58,03,9900.00,99,9900.00,99
1998,2,16,13,50,211.42,03,-1.14,03,206.64,03,9900.00,99,9900.00,99
1998,2,16,13,55,218.76,03,-1.07,03,213.23,03,9900.00,99,9900.00,99
1998,2,16,14,0,278.78,03,-1.05,03,273.24,03,9900.00,99,9900.00,99
1998,2,16,14,5,290.23,03,-1.18,03,282.97,03,9900.00,99,9900.00,99
1998,2,16,14,10,314.70,03,-1.18,03,303.06,03,9900.00,99,9900.00,99
1998,2,16,14,15,307.25,03,-1.22,03,296.39,03,9900.00,99,9900.00,99
1998,2,16,14,20,335.53,03,-1.19,03,326.83,03,9900.00,99,9900.00,99
1998,2,16,14,25,477.80,03,-1.22,03,464.05,03,9900.00,99,9900.00,99
1998,2,16,14,30,480.97,03,-1.39,03,465.90,03,9900.00,99,9900.00,99
1998,2,16,14,35,411.85,03,-1.57,03,401.44,03,9900.00,99,9900.00,99
1998,2,16,14,40,248.17,03,-1.54,03,243.53,03,9900.00,99,9900.00,99
1998,2,16,14,45,177.05,03,-1.22,03,172.77,03,9900.00,99,9900.00,99
1998,2,16,14,50,124.28,03,-1.20,03,120.94,03,9900.00,99,9900.00,99
1998,2,16,14,55,89.87,03,-.96,03,86.95,03,9900.00,99,9900.00,99
1998,2,16,15,0,94.84,03,-.86,03,91.82,03,9900.00,99,9900.00,99
1998,2,16,15,5,111.19,03,-.78,03,107.43,03,9900.00,99,9900.00,99
1998,2,16,15,10,136.53,03,-.77,03,132.99,03,9900.00,99,9900.00,99
1998,2,16,15,15,135.44,03,-.74,03,131.30,03,9900.00,99,9900.00,99
1998,2,16,15,20,118.85,03,-.77,03,115.14,03,9900.00,99,9900.00,99
1998,2,16,15,25,139.38,03,-.73,03,134.87,03,9900.00,99,9900.00,99
1998,2,16,15,30,168.93,03,-.75,03,163.77,03,9900.00,99,9900.00,99
1998,2,16,15,35,194.04,03,-.73,03,188.94,03,9900.00,99,9900.00,99
1998,2,16,15,40,235.11,03,-.62,03,228.45,03,9900.00,99,9900.00,99
1998,2,16,15,45,167.46,03,-.81,03,163.79,03,9900.00,99,9900.00,99
1998,2,16,15,50,151.79,03,-.78,03,148.30,03,9900.00,99,9900.00,99
1998,2,16,15,55,173.54,03,-.64,03,169.11,03,9900.00,99,9900.00,99
1998,2,16,16,0,144.42,03,-.77,03,140.01,03,9900.00,99,9900.00,99
1998,2,16,16,5,156.51,03,-.74,03,150.67,03,9900.00,99,9900.00,99
1998,2,16,16,10,167.94,03,-.75,03,161.72,03,9900.00,99,9900.00,99
1998,2,16,16,15,162.34,03,-.69,03,157.05,03,9900.00,99,9900.00,99
1998,2,16,16,20,150.91,03,-.66,03,145.35,03,9900.00,99,9900.00,99
1998,2,16,16,25,152.80,03,-.61,03,147.99,03,9900.00,99,9900.00,99
1998,2,16,16,30,133.29,03,-.63,03,129.40,03,9900.00,99,9900.00,99
1998,2,16,16,35,95.07,03,-.78,03,91.12,03,9900.00,99,9900.00,99
1998,2,16,16,40,96.40,03,-.70,03,91.69,03,9900.00,99,9900.00,99
1998,2,16,16,45,107.46,03,-.64,03,103.11,03,9900.00,99,9900.00,99
1998,2,16,16,50,116.97,03,-.75,03,113.40,03,9900.00,99,9900.00,99
1998,2,16,16,55,106.63,03,-.82,03,103.75,03,9900.00,99,9900.00,99
1998,2,16,17,0,39.08,03,-.82,03,37.42,03,9900.00,99,9900.00,99
1998,2,16,17,5,21.12,09,-.80,09,19.78,09,9900.00,99,9900.00,99
1998,2,16,17,10,26.38,01,-.77,01,24.97,01,9900.00,99,9900.00,99
1998,2,16,17,15,35.17,01,-.76,01,33.50,01,9900.00,99,9900.00,99
1998,2,16,17,20,43.63,01,-.72,01,42.05,01,9900.00,99,9900.00,99
1998,2,16,17,25,27.25,01,-.75,01,26.01,01,9900.00,99,9900.00,99
1998,2,16,17,30,21.16,01,-.77,01,19.92,01,9900.00,99,9900.00,99
1998,2,16,17,35,17.82,01,-.77,01,16.58,01,9900.00,99,9900.00,99
1998,2,16,17,40,10.63,01,-.77,01,9.58,01,9900.00,99,9900.00,99
1998,2,16,17,45,12.47,01,-.76,01,11.36,01,9900.00,99,9900.00,99
1998,2,16,17,50,10.40,01,-.75,01,9.59,01,9900.00,99,9900.00,99
1998,2,16,17,55,7.94,01,-.77,01,7.90,01,9900.00,99,9900.00,99
1998,2,16,18,0,8.06,01,-.75,01,8.05,01,9900.00,99,9900.00,99
1998,2,16,18,5,5.13,01,-.75,01,4.82,01,9900.00,99,9900.00,99
1998,2,16,18,10,2.47,01,-.69,01,1.99,01,9900.00,99,9900.00,99
1998,2,16,18,15,1.43,01,-.76,01,.89,01,9900.00,99,9900.00,99
1998,2,16,18,20,.82,01,-.68,01,.07,01,9900.00,99,9900.00,99
1998,2,16,18,25,.73,01,-.65,01,0.00,01,9900.00,99,9900.00,99
1998,2,16,18,30,.59,01,-.75,01,-.09,01,9900.00,99,9900.00,99
1998,2,16,18,35,.56,01,-.65,01,-.03,01,9900.00,99,9900.00,99
1998,2,16,18,40,.52,01,-.73,01,-.04,01,9900.00,99,9900.00,99
1998,2,16,18,45,.60,01,-.74,01,-.05,01,9900.00,99,9900.00,99
1998,2,16,18,50,.62,01,-.75,01,-.05,01,9900.00,99,9900.00,99
1998,2,16,18,55,.71,01,-.61,01,-.01,01,9900.00,99,9900.00,99
1998,2,16,19,0,.74,01,-.60,01,0.00,01,9900.00,99,9900.00,99
1998,2,16,19,5,.70,01,-.62,01,0.00,01,9900.00,99,9900.00,99
1998,2,16,19,10,.54,01,-.54,01,-.05,01,9900.00,99,9900.00,99
1998,2,16,19,15,.68,01,-.57,01,-.03,01,9900.00,99,9900.00,99
1998,2,16,19,20,.65,01,-.68,01,-.01,01,9900.00,99,9900.00,99
1998,2,16,19,25,.65,01,-.66,01,0.00,01,9900.00,99,9900.00,99
1998,2,16,19,30,.67,01,-.63,01,-.03,01,9900.00,99,9900.00,99
1998,2,16,19,35,.43,01,-.63,01,-.09,01,9900.00,99,9900.00,99
1998,2,16,19,40,.64,01,-.60,01,0.00,01,9900.00,99,9900.00,99
1998,2,16,19,45,.68,01,-.38,01,0.00,01,9900.00,99,9900.00,99
1998,2,16,19,50,.68,01,-.30,01,0.00,01,9900.00,99,9900.00,99
1998,2,16,19,55,.64,01,-.27,01,-.01,01,9900.00,99,9900.00,99
1998,2,16,20,0,.40,01,-.17,01,-.05,01,9900.00,99,9900.00,99
1998,2,16,20,5,.61,01,-.07,01,-.02,01,9900.00,99,9900.00,99
1998,2,16,20,10,.50,01,-.01,01,-.01,01,9900.00,99,9900.00,99
1998,2,16,20,15,.26,01,-.03,01,-.05,01,9900.00,99,9900.00,99
1998,2,16,20,20,.07,01,-.04,01,-.43,01,9900.00,99,9900.00,99
1998,2,16,20,25,-.02,01,-.16,01,-.79,01,9900.00,99,9900.00,99
1998,2,16,20,30,-.09,01,-.20,01,-.95,01,9900.00,99,9900.00,99
1998,2,16,20,35,-.10,01,-.24,01,-.90,01,9900.00,99,9900.00,99
1998,2,16,20,40,-.41,01,-.08,01,-1.13,01,9900.00,99,9900.00,99
1998,2,16,20,45,-.65,01,-.22,01,-1.18,01,9900.00,99,9900.00,99
1998,2,16,20,50,-.44,01,-.11,01,-1.13,01,9900.00,99,9900.00,99
1998,2,16,20,55,-.48,01,-.14,01,-1.16,01,9900.00,99,9900.00,99
1998,2,16,21,0,-.27,01,-.05,01,-1.09,01,9900.00,99,9900.00,99
1998,2,16,21,5,-.43,01,-.04,01,-1.12,01,9900.00,99,9900.00,99
1998,2,16,21,10,-.26,01,-.08,01,-1.01,01,9900.00,99,9900.00,99
1998,2,16,21,15,-.37,01,-.03,01,-1.05,01,9900.00,99,9900.00,99
1998,2,16,21,20,-.47,01,-.04,01,-1.11,01,9900.00,99,9900.00,99
1998,2,16,21,25,-.52,01,-.01,01,-1.09,01,9900.00,99,9900.00,99
1998,2,16,21,30,-.56,01,-.01,01,-1.10,01,9900.00,99,9900.00,99
1998,2,16,21,35,-.49,01,0.00,01,-1.07,01,9900.00,99,9900.00,99
1998,2,16,21,40,-.52,01,0.00,01,-1.12,01,9900.00,99,9900.00,99
1998,2,16,21,45,-.37,01,0.00,01,-.99,01,9900.00,99,9900.00,99
1998,2,16,21,50,-.42,01,-.01,01,-1.05,01,9900.00,99,9900.00,99
1998,2,16,21,55,-.09,01,-.03,01,-.82,01,9900.00,99,9900.00,99
1998,2,16,22,0,.02,01,-.03,01,-.70,01,9900.00,99,9900.00,99
1998,2,16,22,5,0.00,01,0.00,01,-.68,01,9900.00,99,9900.00,99
1998,2,16,22,10,.01,01,-.01,01,-.67,01,9900.00,99,9900.00,99
1998,2,16,22,15,-.04,01,-.01,01,-.62,01,9900.00,99,9900.00,99
1998,2,16,22,20,.02,01,0.00,01,-.60,01,9900.00,99,9900.00,99
1998,2,16,22,25,.02,01,-.05,01,-.56,01,9900.00,99,9900.00,99
1998,2,16,22,30,.01,01,-.01,01,-.50,01,9900.00,99,9900.00,99
1998,2,16,22,35,.03,01,-.01,01,-.43,01,9900.00,99,9900.00,99
1998,2,16,22,40,.05,01,0.00,01,-.44,01,9900.00,99,9900.00,99
1998,2,16,22,45,.04,01,-.02,01,-.70,01,9900.00,99,9900.00,99
1998,2,16,22,50,-.01,01,-.01,01,-.67,01,9900.00,99,9900.00,99
1998,2,16,22,55,.01,01,0.00,01,-.66,01,9900.00,99,9900.00,99
1998,2,16,23,0,.01,01,-.03,01,-.70,01,9900.00,99,9900.00,99
1998,2,16,23,5,.04,01,-.01,01,-.58,01,9900.00,99,9900.00,99
1998,2,16,23,10,.01,01,-.06,01,-.46,01,9900.00,99,9900.00,99
1998,2,16,23,15,.04,01,-.02,01,-.48,01,9900.00,99,9900.00,99
1998,2,16,23,20,.05,01,-.05,01,-.54,01,9900.00,99,9900.00,99
1998,2,16,23,25,.03,01,-.03,01,-.32,01,9900.00,99,9900.00,99
1998,2,16,23,30,.02,01,-.03,01,-.29,01,9900.00,99,9900.00,99
1998,2,16,23,35,.04,01,-.08,01,-.32,01,9900.00,99,9900.00,99
1998,2,16,23,40,.07,01,-.02,01,-.23,01,9900.00,99,9900.00,99
1998,2,16,23,45,.05,01,-.01,01,-.23,01,9900.00,99,9900.00,99
1998,2,16,23,50,.24,01,-.06,01,-.11,01,9900.00,99,9900.00,99
1998,2,16,23,55,.16,01,-.01,01,-.11,01,9900.00,99,9900.00,99
1998,2,17,0,0,.18,01,0.00,01,-.06,01,9900.00,99,9900.00,99
1998,2,17,0,5,.15,01,-.03,01,-.19,01,9900.00,99,9900.00,99
1998,2,17,0,10,.13,01,-.01,01,-.17,01,9900.00,99,9900.00,99
1998,2,17,0,15,.08,01,-.02,01,-.32,01,9900.00,99,9900.00,99
1998,2,17,0,20,.07,01,0.00,01,-.27,01,9900.00,99,9900.00,99
1998,2,17,0,25,.04,01,-.01,01,-.32,01,9900.00,99,9900.00,99
1998,2,17,0,30,.10,01,-.01,01,-.19,01,9900.00,99,9900.00,99
1998,2,17,0,35,.06,01,-.01,01,-.21,01,9900.00,99,9900.00,99
1998,2,17,0,40,.17,01,0.00,01,-.17,01,9900.00,99,9900.00,99
1998,2,17,0,45,.26,01,-.08,01,-.17,01,9900.00,99,9900.00,99
1998,2,17,0,50,.09,01,-.02,01,-.30,01,9900.00,99,9900.00,99
1998,2,17,0,55,.06,01,-.01,01,-.23,01,9900.00,99,9900.00,99
1998,2,17,1,0,.05,01,-.03,01,-.32,01,9900.00,99,9900.00,99
1998,2,17,1,5,.07,01,-.01,01,-.30,01,9900.00,99,9900.00,99
1998,2,17,1,10,.03,01,-.01,01,-.28,01,9900.00,99,9900.00,99
1998,2,17,1,15,.05,01,0.00,01,-.22,01,9900.00,99,9900.00,99
1998,2,17,1,20,.09,01,-.01,01,-.27,01,9900.00,99,9900.00,99
1998,2,17,1,25,.02,01,-.01,01,-.41,01,9900.00,99,9900.00,99
1998,2,17,1,30,.09,01,0.00,01,-.25,01,9900.00,99,9900.00,99
1998,2,17,1,35,.18,01,.01,01,-.09,01,9900.00,99,9900.00,99
1998,2,17,1,40,.18,01,0.00,01,-.13,01,9900.00,99,9900.00,99
1998,2,17,1,45,.16,01,0.00,01,-.08,01,9900.00,99,9900.00,99
1998,2,17,1,50,.19,01,0.00,01,-.09,01,9900.00,99,9900.00,99
1998,2,17,1,55,.11,01,-.01,01,-.15,01,9900.00,99,9900.00,99
1998,2,17,2,0,.12,01,0.00,01,-.10,01,9900.00,99,9900.00,99
1998,2,17,2,5,.27,01,.01,01,-.09,01,9900.00,99,9900.00,99
1998,2,17,2,10,.10,01,.01,01,-.22,01,9900.00,99,9900.00,99
1998,2,17,2,15,.11,01,.04,01,-.22,01,9900.00,99,9900.00,99
1998,2,17,2,20,.35,01,.10,01,-.01,01,9900.00,99,9900.00,99
1998,2,17,2,25,.13,01,0.00,01,-.15,01,9900.00,99,9900.00,99
1998,2,17,2,30,.28,01,0.00,01,-.04,01,9900.00,99,9900.00,99
1998,2,17,2,35,.52,01,.12,01,0.00,01,9900.00,99,9900.00,99
1998,2,17,2,40,.66,01,.04,01,0.00,01,9900.00,99,9900.00,99
1998,2,17,2,45,.60,01,.03,01,0.00,01,9900.00,99,9900.00,99
1998,2,17,2,50,.71,01,.23,01,0.00,01,9900.00,99,9900.00,99
1998,2,17,2,55,.71,01,.16,01,.02,01,9900.00,99,9900.00,99
1998,2,17,3,0,.66,01,.13,01,0.00,01,9900.00,99,9900.00,99
1998,2,17,3,5,.65,01,.03,01,0.00,01,9900.00,99,9900.00,99
1998,2,17,3,10,.69,01,.17,01,0.00,01,9900.00,99,9900.00,99
1998,2,17,3,15,.68,01,.26,01,.02,01,9900.00,99,9900.00,99
1998,2,17,3,20,.66,01,.37,01,.02,01,9900.00,99,9900.00,99
1998,2,17,3,25,.54,01,0.00,01,-.15,01,9900.00,99,9900.00,99
1998,2,17,3,30,.50,01,.03,01,-.07,01,9900.00,99,9900.00,99
1998,2,17,3,35,.59,01,.10,01,-.01,01,9900.00,99,9900.00,99
1998,2,17,3,40,.50,01,.14,01,0.00,01,9900.00,99,9900.00,99
1998,2,17,3,45,.48,01,.03,01,-.01,01,9900.00,99,9900.00,99
1998,2,17,3,50,.62,01,.01,01,0.00,01,9900.00,99,9900.00,99
1998,2,17,3,55,.69,01,.08,01,0.00,01,9900.00,99,9900.00,99
1998,2,17,4,0,.59,01,.03,01,0.00,01,9900.00,99,9900.00,99
1998,2,17,4,5,.66,01,0.00,01,0.00,01,9900.00,99,9900.00,99
1998,2,17,4,10,.67,01,0.00,01,.01,01,9900.00,99,9900.00,99
1998,2,17,4,15,.95,01,0.00,01,.61,01,9900.00,99,9900.00,99
1998,2,17,4,20,.68,01,.06,01,.08,01,9900.00,99,9900.00,99
1998,2,17,4,25,.53,01,0.00,01,0.00,01,9900.00,99,9900.00,99
1998,2,17,4,30,.55,01,0.00,01,0.00,01,9900.00,99,9900.00,99
1998,2,17,4,35,.63,01,.01,01,0.00,01,9900.00,99,9900.00,99
1998,2,17,4,40,.61,01,0.00,01,.02,01,9900.00,99,9900.00,99
1998,2,17,4,45,.51,01,0.00,01,0.00,01,9900.00,99,9900.00,99
1998,2,17,4,50,.57,01,0.00,01,0.00,01,9900.00,99,9900.00,99
1998,2,17,4,55,.65,01,.02,01,.02,01,9900.00,99,9900.00,99
1998,2,17,5,0,.50,01,0.00,01,0.00,01,9900.00,99,9900.00,99
1998,2,17,5,5,.37,01,0.00,01,0.00,01,9900.00,99,9900.00,99
1998,2,17,5,10,.37,01,0.00,01,0.00,01,9900.00,99,9900.00,99
1998,2,17,5,15,.42,01,.04,01,0.00,01,9900.00,99,9900.00,99
1998,2,17,5,20,.51,01,0.00,01,0.00,01,9900.00,99,9900.00,99
1998,2,17,5,25,.76,01,0.00,01,.10,01,9900.00,99,9900.00,99
1998,2,17,5,30,.88,01,.03,01,.43,01,9900.00,99,9900.00,99
1998,2,17,5,35,.90,01,.02,01,.37,01,9900.00,99,9900.00,99
1998,2,17,5,40,.84,01,.08,01,.23,01,9900.00,99,9900.00,99
1998,2,17,5,45,.87,01,.34,01,.23,01,9900.00,99,9900.00,99
1998,2,17,5,50,.74,01,.53,01,-.01,01,9900.00,99,9900.00,99
1998,2,17,5,55,.79,01,.75,01,-.01,01,9900.00,99,9900.00,99
1998,2,17,6,0,1.09,01,.63,01,.21,01,9900.00,99,9900.00,99
1998,2,17,6,5,.86,01,.63,01,.17,01,9900.00,99,9900.00,99
1998,2,17,6,10,.70,01,.42,01,.05,01,9900.00,99,9900.00,99
1998,2,17,6,15,.56,01,.15,01,0.00,01,9900.00,99,9900.00,99
1998,2,17,6,20,.33,01,.05,01,0.00,01,9900.00,99,9900.00,99
1998,2,17,6,25,.09,01,0.00,01,-.01,01,9900.00,99,9900.00,99
1998,2,17,6,30,.04,01,.01,01,-.03,01,9900.00,99,9900.00,99
1998,2,17,6,35,0.00,01,0.00,01,-.19,01,9900.00,99,9900.00,99
1998,2,17,6,40,-.13,01,0.00,01,-.54,01,9900.00,99,9900.00,99
1998,2,17,6,45,-.46,01,0.00,01,-.93,01,9900.00,99,9900.00,99
1998,2,17,6,50,-.61,01,-.03,01,-1.16,01,9900.00,99,9900.00,99
1998,2,17,6,55,-.63,01,0.00,01,-1.07,01,9900.00,99,9900.00,99
1998,2,17,7,0,-.54,01,0.00,01,-.91,01,9900.00,99,9900.00,99
1998,2,17,7,5,-.67,01,.02,01,-.89,01,9900.00,99,9900.00,99
1998,2,17,7,10,-.45,01,.08,01,-.72,01,9900.00,99,9900.00,99
1998,2,17,7,15,.28,01,.01,01,-.05,01,9900.00,99,9900.00,99
1998,2,17,7,20,1.24,01,0.00,01,.93,01,9900.00,99,9900.00,99
1998,2,17,7,25,2.74,01,-.06,01,2.42,01,9900.00,99,9900.00,99
1998,2,17,7,30,4.59,01,-.46,01,4.52,01,9900.00,99,9900.00,99
1998,2,17,7,35,8.71,01,-.50,01,7.87,01,9900.00,99,9900.00,99
1998,2,17,7,40,17.46,01,-.52,01,16.28,01,9900.00,99,9900.00,99
1998,2,17,7,45,20.94,01,-.54,01,19.72,01,9900.00,99,9900.00,99
1998,2,17,7,50,21.19,01,-.39,01,19.94,01,9900.00,99,9900.00,99
1998,2,17,7,55,24.38,01,-.27,01,22.94,01,9900.00,99,9900.00,99
1998,2,17,8,0,35.10,01,-.39,01,33.35,01,9900.00,99,9900.00,99
1998,2,17,8,5,47.35,01,-.41,01,45.14,01,9900.00,99,9900.00,99
1998,2,17,8,10,46.67,01,-.52,01,44.72,01,9900.00,99,9900.00,99
1998,2,17,8,15,39.63,03,-.39,03,37.68,03,9900.00,99,9900.00,99
1998,2,17,8,20,39.91,03,-.23,03,37.90,03,9900.00,99,9900.00,99
1998,2,17,8,25,33.14,03,-.59,03,31.50,03,9900.00,99,9900.00,99
1998,2,17,8,30,24.28,09,-.69,09,22.90,09,9900.00,99,9900.00,99
1998,2,17,8,35,19.36,09,-.58,09,18.17,09,9900.00,99,9900.00,99
1998,2,17,8,40,29.21,09,-.50,09,27.50,09,9900.00,99,9900.00,99
1998,2,17,8,45,52.40,03,-.57,03,49.70,03,9900.00,99,9900.00,99
1998,2,17,8,50,42.22,03,-.69,03,39.82,03,9900.00,99,9900.00,99
1998,2,17,8,55,69.29,03,-.48,03,64.59,03,9900.00,99,9900.00,99
1998,2,17,9,0,63.58,03,-.60,03,60.20,03,9900.00,99,9900.00,99
1998,2,17,9,5,84.00,03,-.57,03,79.47,03,9900.00,99,9900.00,99
1998,2,17,9,10,94.95,03,-.73,03,89.43,03,9900.00,99,9900.00,99
1998,2,17,9,15,70.95,03,-.77,03,67.77,03,9900.00,99,9900.00,99
1998,2,17,9,20,61.34,03,-.71,03,58.52,03,9900.00,99,9900.00,99
1998,2,17,9,25,69.22,03,-.57,03,66.39,03,9900.00,99,9900.00,99
1998,2,17,9,30,73.48,03,-.55,03,69.89,03,9900.00,99,9900.00,99
1998,2,17,9,35,63.20,03,-.63,03,60.41,03,9900.00,99,9900.00,99
1998,2,17,9,40,60.11,03,-.64,03,57.27,03,9900.00,99,9900.00,99
1998,2,17,9,45,77.52,03,-.66,03,74.20,03,9900.00,99,9900.00,99
1998,2,17,9,50,108.81,03,-.74,03,104.38,03,9900.00,99,9900.00,99
1998,2,17,9,55,124.68,03,-.74,03,119.97,03,9900.00,99,9900.00,99
1998,2,17,10,0,172.66,03,-.80,03,161.38,03,9900.00,99,9900.00,99
1998,2,17,10,5,264.51,15,-.78,14,240.58,14,9900.00,99,9900.00,99
1998,2,17,10,10,297.98,15,-.98,14,270.45,14,9900.00,99,9900.00,99
1998,2,17,10,15,279.35,15,-.89,14,254.21,14,9900.00,99,9900.00,99
1998,2,17,10,20,223.20,03,-1.00,03,207.35,03,9900.00,99,9900.00,99
1998,2,17,10,25,227.65,03,-.90,03,209.86,03,9900.00,99,9900.00,99
1998,2,17,10,30,199.97,03,-1.00,03,189.63,03,9900.00,99,9900.00,99
1998,2,17,10,35,169.66,03,-.80,03,161.69,03,9900.00,99,9900.00,99
1998,2,17,10,40,243.33,03,-.89,03,228.96,03,9900.00,99,9900.00,99
1998,2,17,10,45,297.35,03,-.99,03,274.86,03,9900.00,99,9900.00,99
1998,2,17,10,50,264.56,11,-1.02,10,242.79,10,9900.00,99,9900.00,99
1998,2,17,10,55,218.07,03,-.87,03,209.21,03,9900.00,99,9900.00,99
1998,2,17,11,0,245.60,03,-.86,03,235.06,03,9900.00,99,9900.00,99
1998,2,17,11,5,310.30,11,-.87,10,288.86,10,9900.00,99,9900.00,99
1998,2,17,11,10,326.00,03,-.91,03,303.91,03,9900.00,99,9900.00,99
1998,2,17,11,15,386.63,11,-1.12,10,360.08,10,9900.00,99,9900.00,99
1998,2,17,11,20,550.05,15,-1.40,14,513.90,14,9900.00,99,9900.00,99
1998,2,17,11,25,385.20,03,-1.80,03,363.03,03,9900.00,99,9900.00,99
1998,2,17,11,30,377.56,03,-1.35,03,364.92,03,9900.00,99,9900.00,99
1998,2,17,11,35,138.33,03,-1.11,03,134.90,03,9900.00,99,9900.00,99
1998,2,17,11,40,127.82,03,-.96,03,125.16,03,9900.00,99,9900.00,99
1998,2,17,11,45,121.51,03,-.75,03,118.83,03,9900.00,99,9900.00,99
1998,2,17,11,50,158.84,03,-.78,03,155.70,03,9900.00,99,9900.00,99
1998,2,17,11,55,167.39,03,-.95,03,164.36,03,9900.00,99,9900.00,99
1998,2,17,12,0,96.83,03,-.80,03,94.94,03,9900.00,99,9900.00,99
1998,2,17,12,5,67.04,03,-.73,03,65.59,03,9900.00,99,9900.00,99
1998,2,17,12,10,53.44,03,-.36,03,52.50,03,9900.00,99,9900.00,99
1998,2,17,12,15,25.41,03,-.95,03,24.43,03,9900.00,99,9900.00,99
1998,2,17,12,20,17.04,03,-.80,03,16.18,03,9900.00,99,9900.00,99
1998,2,17,12,25,13.15,03,-.78,03,12.52,03,9900.00,99,9900.00,99
1998,2,17,12,30,9.57,03,-.60,03,9.14,03,9900.00,99,9900.00,99
1998,2,17,12,35,9.74,03,-.59,03,9.34,03,9900.00,99,9900.00,99
1998,2,17,12,40,11.48,03,-.56,03,10.76,03,9900.00,99,9900.00,99
1998,2,17,12,45,14.57,03,-.41,03,13.89,03,9900.00,99,9900.00,99
1998,2,17,12,50,14.57,03,-.40,03,13.86,03,9900.00,99,9900.00,99
1998,2,17,12,55,15.14,03,-.44,03,14.49,03,9900.00,99,9900.00,99
1998,2,17,13,0,27.40,03,-.37,03,26.29,03,9900.00,99,9900.00,99
1998,2,17,13,5,57.02,03,-.39,03,53.62,03,9900.00,99,9900.00,99
1998,2,17,13,10,184.62,03,-.13,03,173.35,03,9900.00,99,9900.00,99
1998,2,17,13,15,378.52,03,.05,03,375.16,03,9900.00,99,9900.00,99
1998,2,17,13,20,826.79,93,1.40,92,750.76,08,9900.00,99,9900.00,99
1998,2,17,13,25,684.58,57,1.82,56,612.30,08,9900.00,99,9900.00,99
1998,2,17,13,30,705.57,69,1.65,68,638.99,08,9900.00,99,9900.00,99
1998,2,17,13,35,710.97,73,1.15,72,657.13,08,9900.00,99,9900.00,99
1998,2,17,13,40,550.98,19,.30,18,508.47,18,9900.00,99,9900.00,99
1998,2,17,13,45,654.16,53,-.08,52,598.07,08,9900.00,99,9900.00,99
1998,2,17,13,50,546.76,23,-.30,22,500.95,22,9900.00,99,9900.00,99
1998,2,17,13,55,549.92,03,-.69,03,533.32,03,9900.00,99,9900.00,99
1998,2,17,14,0,635.12,53,-1.10,52,642.44,08,9900.00,99,9900.00,99
1998,2,17,14,5,741.23,93,-.80,92,801.39,08,9900.00,99,9900.00,99
1998,2,17,14,10,622.88,53,-1.48,52,628.25,08,9900.00,99,9900.00,99
1998,2,17,14,15,432.98,11,-1.77,10,407.91,10,9900.00,99,9900.00,99
1998,2,17,14,20,348.84,11,-1.45,10,327.46,10,9900.00,99,9900.00,99
1998,2,17,14,25,264.28,03,-1.00,03,251.28,03,9900.00,99,9900.00,99
1998,2,17,14,30,255.36,03,-.54,03,237.05,03,9900.00,99,9900.00,99
1998,2,17,14,35,232.21,03,-.64,03,218.80,03,9900.00,99,9900.00,99
1998,2,17,14,40,235.47,03,-.12,03,219.02,03,9900.00,99,9900.00,99
1998,2,17,14,45,247.70,11,.06,10,228.94,10,9900.00,99,9900.00,99
1998,2,17,14,50,402.22,11,.42,10,381.24,10,9900.00,99,9900.00,99
1998,2,17,14,55,422.73,03,.21,03,409.00,03,9900.00,99,9900.00,99
1998,2,17,15,0,191.81,11,-.28,10,174.81,10,9900.00,99,9900.00,99
1998,2,17,15,5,175.83,03,-.63,03,162.16,03,9900.00,99,9900.00,99
1998,2,17,15,10,169.06,03,-.96,03,160.86,03,9900.00,99,9900.00,99
1998,2,17,15,15,136.55,03,-.80,03,129.21,03,9900.00,99,9900.00,99
1998,2,17,15,20,123.89,03,-.69,03,118.11,03,9900.00,99,9900.00,99
1998,2,17,15,25,83.62,03,-.51,03,80.07,03,9900.00,99,9900.00,99
1998,2,17,15,30,74.83,03,-.52,03,72.30,03,9900.00,99,9900.00,99
1998,2,17,15,35,41.29,03,-.33,03,39.01,03,9900.00,99,9900.00,99
1998,2,17,15,40,44.28,03,-.32,03,43.28,03,9900.00,99,9900.00,99
1998,2,17,15,45,35.00,03,-.39,03,33.91,03,9900.00,99,9900.00,99
1998,2,17,15,50,21.16,09,-1.11,09,19.79,09,9900.00,99,9900.00,99
1998,2,17,15,55,19.37,09,-1.85,09,17.32,09,9900.00,99,9900.00,99
1998,2,17,16,0,32.13,09,-1.52,09,29.84,09,9900.00,99,9900.00,99
1998,2,17,16,5,20.70,09,-1.01,09,18.55,09,9900.00,99,9900.00,99
1998,2,17,16,10,36.90,09,-.28,09,32.72,09,9900.00,99,9900.00,99
1998,2,17,16,15,311.76,23,.48,22,284.53,22,9900.00,99,9900.00,99
1998,2,17,16,20,258.17,19,-.13,18,236.55,18,9900.00,99,9900.00,99
1998,2,17,16,25,61.23,03,-.16,03,56.05,03,9900.00,99,9900.00,99
1998,2,17,16,30,70.67,03,.01,03,66.52,03,9900.00,99,9900.00,99
1998,2,17,16,35,82.06,03,.16,03,76.15,03,9900.00,99,9900.00,99
1998,2,17,16,40,105.05,03,.22,03,103.33,03,9900.00,99,9900.00,99
1998,2,17,16,45,68.58,03,-.05,03,64.49,03,9900.00,99,9900.00,99
1998,2,17,16,50,36.98,03,-.17,03,35.36,03,9900.00,99,9900.00,99
1998,2,17,16,55,23.46,09,-.28,09,22.56,09,9900.00,99,9900.00,99
1998,2,17,17,0,11.06,09,-.33,09,10.39,09,9900.00,99,9900.00,99
1998,2,17,17,5,4.63,09,-.55,09,4.49,09,9900.00,99,9900.00,99
1998,2,17,17,10,2.55,01,-.71,01,2.51,01,9900.00,99,9900.00,99
1998,2,17,17,15,.57,01,-.93,01,.26,01,9900.00,99,9900.00,99
1998,2,17,17,20,.64,01,-1.18,01,.12,01,9900.00,99,9900.00,99
1998,2,17,17,25,3.46,01,-1.16,01,3.18,01,9900.00,99,9900.00,99
1998,2,17,17,30,10.85,01,-.76,01,9.81,01,9900.00,99,9900.00,99
1998,2,17,17,35,130.21,08,-.44,01,122.33,08,9900.00,99,9900.00,99
1998,2,17,17,40,94.01,01,-.26,01,87.89,08,9900.00,99,9900.00,99
1998,2,17,17,45,37.59,01,-.71,01,35.21,01,9900.00,99,9900.00,99
1998,2,17,17,50,22.46,01,-1.05,01,20.16,01,9900.00,99,9900.00,99
1998,2,17,17,55,10.52,01,-.89,01,9.46,01,9900.00,99,9900.00,99
1998,2,17,18,0,3.58,01,-.95,01,3.41,01,9900.00,99,9900.00,99
1998,2,17,18,5,1.77,01,-.78,01,1.35,01,9900.00,99,9900.00,99
1998,2,17,18,10,1.01,01,-.71,01,.68,01,9900.00,99,9900.00,99
1998,2,17,18,15,-1.49,01,-.78,01,-1.81,01,9900.00,99,9900.00,99
1998,2,17,18,20,-2.72,01,-.92,01,-3.05,01,9900.00,99,9900.00,99
1998,2,17,18,25,-3.15,01,-1.01,01,-3.46,01,9900.00,99,9900.00,99
1998,2,17,18,30,-3.66,01,-1.09,01,-4.01,01,9900.00,99,9900.00,99
1998,2,17,18,35,-3.51,01,-.99,01,-3.84,01,9900.00,99,9900.00,99
1998,2,17,18,40,-2.93,01,-.65,01,-3.19,01,9900.00,99,9900.00,99
1998,2,17,18,45,-3.08,01,-.66,01,-3.42,01,9900.00,99,9900.00,99
1998,2,17,18,50,-3.19,01,-.70,01,-3.43,01,9900.00,99,9900.00,99
1998,2,17,18,55,-2.94,01,-.55,01,-3.29,01,9900.00,99,9900.00,99
1998,2,17,19,0,-2.59,01,-.10,01,-2.83,01,9900.00,99,9900.00,99
1998,2,17,19,5,-2.47,01,.01,01,-2.77,01,9900.00,99,9900.00,99
1998,2,17,19,10,-1.51,01,.07,01,-1.81,01,9900.00,99,9900.00,99
1998,2,17,19,15,-.27,01,.20,01,-.71,01,9900.00,99,9900.00,99
1998,2,17,19,20,-.43,01,.11,01,-.72,01,9900.00,99,9900.00,99
1998,2,17,19,25,-.51,01,0.00,01,-.81,01,9900.00,99,9900.00,99
1998,2,17,19,30,-.05,01,0.00,01,-.28,01,9900.00,99,9900.00,99
1998,2,17,19,35,.01,01,-.01,01,-.16,01,9900.00,99,9900.00,99
1998,2,17,19,40,-.49,01,-.19,01,-.86,01,9900.00,99,9900.00,99
1998,2,17,19,45,-1.51,01,-.54,01,-1.80,01,9900.00,99,9900.00,99
1998,2,17,19,50,-1.04,01,-.38,01,-1.38,01,9900.00,99,9900.00,99
1998,2,17,19,55,-.78,01,-.05,01,-1.16,01,9900.00,99,9900.00,99
1998,2,17,20,0,-1.08,01,.03,01,-1.19,01,9900.00,99,9900.00,99
1998,2,17,20,5,-1.55,01,.01,01,-1.72,01,9900.00,99,9900.00,99
1998,2,17,20,10,-2.44,01,-.07,01,-2.58,01,9900.00,99,9900.00,99
1998,2,17,20,15,-2.93,01,-.32,01,-3.19,01,9900.00,99,9900.00,99
1998,2,17,20,20,-3.06,01,-.35,01,-3.30,01,9900.00,99,9900.00,99
1998,2,17,20,25,-3.68,01,-.39,01,-3.78,01,9900.00,99,9900.00,99
1998,2,17,20,30,-3.68,01,-.64,01,-3.90,01,9900.00,99,9900.00,99
1998,2,17,20,35,-3.41,01,-.78,01,-3.64,01,9900.00,99,9900.00,99
1998,2,17,20,40,-3.03,01,-.74,01,-3.39,01,9900.00,99,9900.00,99
1998,2,17,20,45,-2.93,01,-.62,01,-3.22,01,9900.00,99,9900.00,99
1998,2,17,20,50,-2.94,01,-.47,01,-3.46,01,9900.00,99,9900.00,99
1998,2,17,20,55,-3.10,01,-.57,01,-3.50,01,9900.00,99,9900.00,99
1998,2,17,21,0,-3.61,01,-.72,01,-3.64,01,9900.00,99,9900.00,99
1998,2,17,21,5,-3.24,01,-.71,01,-3.52,01,9900.00,99,9900.00,99
1998,2,17,21,10,-3.36,01,-.66,01,-3.60,01,9900.00,99,9900.00,99
1998,2,17,21,15,-2.90,01,-.23,01,-3.23,01,9900.00,99,9900.00,99
1998,2,17,21,20,-2.92,01,.08,01,-3.03,01,9900.00,99,9900.00,99
1998,2,17,21,25,-2.93,01,.56,01,-2.89,01,9900.00,99,9900.00,99
1998,2,17,21,30,-2.94,01,.86,01,-2.88,01,9900.00,99,9900.00,99
1998,2,17,21,35,-3.33,01,.78,01,-3.11,01,9900.00,99,9900.00,99
1998,2,17,21,40,-3.66,01,.55,01,-3.37,01,9900.00,99,9900.00,99
1998,2,17,21,45,-3.68,01,.39,01,-3.52,01,9900.00,99,9900.00,99
1998,2,17,21,50,-3.41,01,.66,01,-3.15,01,9900.00,99,9900.00,99
1998,2,17,21,55,-3.55,01,.46,01,-3.18,01,9900.00,99,9900.00,99
1998,2,17,22,0,-3.30,01,.44,01,-3.00,01,9900.00,99,9900.00,99
1998,2,17,22,5,-2.71,01,.42,01,-2.38,01,9900.00,99,9900.00,99
1998,2,17,22,10,-1.65,01,.26,01,-1.21,01,9900.00,99,9900.00,99
1998,2,17,22,15,-1.38,01,.21,01,-1.01,01,9900.00,99,9900.00,99
1998,2,17,22,20,-1.05,01,.19,01,-.95,01,9900.00,99,9900.00,99
1998,2,17,22,25,-.54,01,.12,01,-.54,01,9900.00,99,9900.00,99
1998,2,17,22,30,-.05,01,.06,01,-.44,01,9900.00,99,9900.00,99
1998,2,17,22,35,-.04,01,0.00,01,-.37,01,9900.00,99,9900.00,99
1998,2,17,22,40,.20,01,.06,01,-.07,01,9900.00,99,9900.00,99
1998,2,17,22,45,-.86,01,-.19,01,-1.18,01,9900.00,99,9900.00,99
1998,2,17,22,50,-.74,01,-.23,01,-.90,01,9900.00,99,9900.00,99
1998,2,17,22,55,-1.19,01,-.36,01,-1.21,01,9900.00,99,9900.00,99
1998,2,17,23,0,-1.52,01,-.31,01,-1.56,01,9900.00,99,9900.00,99
1998,2,17,23,5,-1.44,01,-.22,01,-1.62,01,9900.00,99,9900.00,99
1998,2,17,23,10,-1.06,01,-.07,01,-1.25,01,9900.00,99,9900.00,99
1998,2,17,23,15,-1.36,01,-.26,01,-1.68,01,9900.00,99,9900.00,99
1998,2,17,23,20,-1.51,01,-.22,01,-1.91,01,9900.00,99,9900.00,99
1998,2,17,23,25,-1.26,01,-.19,01,-1.40,01,9900.00,99,9900.00,99
1998,2,17,23,30,-1.13,01,-.22,01,-1.25,01,9900.00,99,9900.00,99
1998,2,17,23,35,-1.08,01,-.10,01,-1.27,01,9900.00,99,9900.00,99
1998,2,17,23,40,-1.38,01,-.13,01,-1.36,01,9900.00,99,9900.00,99
1998,2,17,23,45,-2.17,01,-.38,01,-2.02,01,9900.00,99,9900.00,99
1998,2,17,23,50,-1.30,01,-.27,01,-1.44,01,9900.00,99,9900.00,99
1998,2,17,23,55,-.96,01,-.10,01,-1.13,01,9900.00,99,9900.00,99
1998,2,18,0,0,-.86,01,-.06,01,-.91,01,9900.00,99,9900.00,99
1998,2,18,0,5,-1.26,01,-.18,01,-1.17,01,9900.00,99,9900.00,99
1998,2,18,0,10,-1.15,01,-.26,01,-1.19,01,9900.00,99,9900.00,99
1998,2,18,0,15,-.89,01,-.17,01,-1.11,01,9900.00,99,9900.00,99
1998,2,18,0,20,-.72,01,-.06,01,-.64,01,9900.00,99,9900.00,99
1998,2,18,0,25,-.29,01,-.01,01,-.11,01,9900.00,99,9900.00,99
1998,2,18,0,30,-1.02,01,-.14,01,-.99,01,9900.00,99,9900.00,99
1998,2,18,0,35,-1.87,01,-.27,01,-1.71,01,9900.00,99,9900.00,99
1998,2,18,0,40,-2.19,01,-.29,01,-1.96,01,9900.00,99,9900.00,99
1998,2,18,0,45,-1.87,01,-.19,01,-1.32,01,9900.00,99,9900.00,99
1998,2,18,0,50,-1.27,01,-.24,01,-1.19,01,9900.00,99,9900.00,99
1998,2,18,0,55,-.41,01,-.05,01,-.27,01,9900.00,99,9900.00,99
1998,2,18,1,0,.02,01,-.05,01,.32,01,9900.00,99,9900.00,99
1998,2,18,1,5,-.02,01,-.14,01,.27,01,9900.00,99,9900.00,99
1998,2,18,1,10,0.00,01,-.08,01,.35,01,9900.00,99,9900.00,99
1998,2,18,1,15,-.35,01,-.17,01,.01,01,9900.00,99,9900.00,99
1998,2,18,1,20,-.73,01,-.24,01,-.25,01,9900.00,99,9900.00,99
1998,2,18,1,25,-.91,01,-.20,01,-.64,01,9900.00,99,9900.00,99
1998,2,18,1,30,-1.23,01,-.25,01,-1.12,01,9900.00,99,9900.00,99
1998,2,18,1,35,-.75,01,-.14,01,-.51,01,9900.00,99,9900.00,99
1998,2,18,1,40,-.81,01,-.12,01,-.60,01,9900.00,99,9900.00,99
1998,2,18,1,45,-.69,01,-.08,01,-.34,01,9900.00,99,9900.00,99
1998,2,18,1,50,-.70,01,-.10,01,-.58,01,9900.00,99,9900.00,99
1998,2,18,1,55,-.46,01,-.12,01,-.23,01,9900.00,99,9900.00,99
1998,2,18,2,0,-.38,01,-.18,01,-.13,01,9900.00,99,9900.00,99
1998,2,18,2,5,.01,01,-.23,01,.14,01,9900.00,99,9900.00,99
1998,2,18,2,10,-.05,01,-.25,01,.03,01,9900.00,99,9900.00,99
1998,2,18,2,15,-.37,01,-.30,01,-.17,01,9900.00,99,9900.00,99
1998,2,18,2,20,-.35,01,-.25,01,-.11,01,9900.00,99,9900.00,99
1998,2,18,2,25,-.35,01,-.23,01,-.13,01,9900.00,99,9900.00,99
1998,2,18,2,30,-.35,01,-.29,01,-.35,01,9900.00,99,9900.00,99
1998,2,18,2,35,-.24,01,-.23,01,-.30,01,9900.00,99,9900.00,99
1998,2,18,2,40,-.65,01,-.28,01,-.78,01,9900.00,99,9900.00,99
1998,2,18,2,45,-1.28,01,-.39,01,-1.25,01,9900.00,99,9900.00,99
1998,2,18,2,50,-1.44,01,-.51,01,-1.25,01,9900.00,99,9900.00,99
1998,2,18,2,55,-1.50,01,-.44,01,-1.42,01,9900.00,99,9900.00,99
1998,2,18,3,0,-1.19,01,-.35,01,-1.20,01,9900.00,99,9900.00,99
1998,2,18,3,5,-1.74,01,-.35,01,-1.59,01,9900.00,99,9900.00,99
1998,2,18,3,10,-2.16,01,-.42,01,-1.97,01,9900.00,99,9900.00,99
1998,2,18,3,15,-1.60,01,-.24,01,-1.48,01,9900.00,99,9900.00,99
1998,2,18,3,20,-1.10,01,-.17,01,-1.19,01,9900.00,99,9900.00,99
1998,2,18,3,25,-1.96,01,-.26,01,-1.93,01,9900.00,99,9900.00,99
1998,2,18,3,30,-2.80,01,-.52,01,-2.76,01,9900.00,99,9900.00,99
1998,2,18,3,35,-2.36,01,-.40,01,-2.42,01,9900.00,99,9900.00,99
1998,2,18,3,40,-1.82,01,-.19,01,-1.72,01,9900.00,99,9900.00,99
1998,2,18,3,45,-1.49,01,-.15,01,-1.44,01,9900.00,99,9900.00,99
1998,2,18,3,50,-1.02,01,-.12,01,-1.15,01,9900.00,99,9900.00,99
1998,2,18,3,55,-.77,01,-.11,01,-1.07,01,9900.00,99,9900.00,99
1998,2,18,4,0,-.66,01,-.05,01,-.77,01,9900.00,99,9900.00,99
1998,2,18,4,5,-.08,01,-.03,01,-.07,01,9900.00,99,9900.00,99
1998,2,18,4,10,.04,01,0.00,01,.03,01,9900.00,99,9900.00,99
1998,2,18,4,15,-.84,01,-.17,01,-.83,01,9900.00,99,9900.00,99
1998,2,18,4,20,-1.80,01,-.34,01,-1.83,01,9900.00,99,9900.00,99
1998,2,18,4,25,-2.06,01,-.10,01,-2.05,01,9900.00,99,9900.00,99
1998,2,18,4,30,-1.37,01,-.02,01,-1.66,01,9900.00,99,9900.00,99
1998,2,18,4,35,-.84,01,-.01,01,-1.19,01,9900.00,99,9900.00,99
1998,2,18,4,40,-.71,01,-.05,01,-1.17,01,9900.00,99,9900.00,99
1998,2,18,4,45,-.79,01,-.05,01,-1.16,01,9900.00,99,9900.00,99
1998,2,18,4,50,-1.00,01,-.17,01,-1.23,01,9900.00,99,9900.00,99
1998,2,18,4,55,-1.47,01,-.37,01,-1.78,01,9900.00,99,9900.00,99
1998,2,18,5,0,-1.64,01,-.34,01,-1.97,01,9900.00,99,9900.00,99
1998,2,18,5,5,-1.65,01,-.21,01,-2.00,01,9900.00,99,9900.00,99
1998,2,18,5,10,-1.95,01,-.29,01,-2.10,01,9900.00,99,9900.00,99
1998,2,18,5,15,-1.97,01,-.58,01,-2.23,01,9900.00,99,9900.00,99
1998,2,18,5,20,-1.72,01,-.39,01,-2.01,01,9900.00,99,9900.00,99
1998,2,18,5,25,-1.86,01,-.26,01,-2.07,01,9900.00,99,9900.00,99
1998,2,18,5,30,-1.81,01,-.30,01,-2.19,01,9900.00,99,9900.00,99
1998,2,18,5,35,-1.74,01,-.35,01,-2.17,01,9900.00,99,9900.00,99
1998,2,18,5,40,-1.91,01,-.31,01,-2.17,01,9900.00,99,9900.00,99
1998,2,18,5,45,-1.94,01,-.33,01,-2.21,01,9900.00,99,9900.00,99
1998,2,18,5,50,-2.01,01,-.28,01,-2.16,01,9900.00,99,9900.00,99
1998,2,18,5,55,-1.91,01,-.20,01,-2.05,01,9900.00,99,9900.00,99
1998,2,18,6,0,-2.17,01,.01,01,-2.27,01,9900.00,99,9900.00,99
1998,2,18,6,5,-2.19,01,.01,01,-2.46,01,9900.00,99,9900.00,99
1998,2,18,6,10,-2.30,01,.02,01,-2.68,01,9900.00,99,9900.00,99
1998,2,18,6,15,-2.29,01,.02,01,-2.74,01,9900.00,99,9900.00,99
1998,2,18,6,20,-2.19,01,.01,01,-2.70,01,9900.00,99,9900.00,99
1998,2,18,6,25,-2.19,01,-.02,01,-2.61,01,9900.00,99,9900.00,99
1998,2,18,6,30,-2.22,01,-.03,01,-2.65,01,9900.00,99,9900.00,99
1998,2,18,6,35,-2.21,01,-.07,01,-2.64,01,9900.00,99,9900.00,99
1998,2,18,6,40,-2.18,01,-.08,01,-2.29,01,9900.00,99,9900.00,99
1998,2,18,6,45,-2.19,01,-.08,01,-2.03,01,9900.00,99,9900.00,99
1998,2,18,6,50,-2.19,01,-.12,01,-2.08,01,9900.00,99,9900.00,99
1998,2,18,6,55,-2.08,01,-.21,01,-2.02,01,9900.00,99,9900.00,99
1998,2,18,7,0,-2.19,01,-.28,01,-2.27,01,9900.00,99,9900.00,99
1998,2,18,7,5,-2.19,01,-.33,01,-2.64,01,9900.00,99,9900.00,99
1998,2,18,7,10,-2.22,01,-.35,01,-2.58,01,9900.00,99,9900.00,99
1998,2,18,7,15,-2.11,01,-.32,01,-2.29,01,9900.00,99,9900.00,99
1998,2,18,7,20,-1.47,01,-.24,01,-1.85,01,9900.00,99,9900.00,99
1998,2,18,7,25,-.83,01,-.15,01,-1.17,01,9900.00,99,9900.00,99
1998,2,18,7,30,-.29,01,-.16,01,-.70,01,9900.00,99,9900.00,99
1998,2,18,7,35,.57,01,-.15,01,.26,01,9900.00,99,9900.00,99
1998,2,18,7,40,1.45,01,-.20,01,1.30,01,9900.00,99,9900.00,99
1998,2,18,7,45,3.99,01,-.10,01,3.56,01,9900.00,99,9900.00,99
1998,2,18,7,50,5.54,01,-.01,01,4.99,01,9900.00,99,9900.00,99
1998,2,18,7,55,5.61,01,.01,01,4.99,01,9900.00,99,9900.00,99
1998,2,18,8,0,3.49,01,0.00,01,3.17,01,9900.00,99,9900.00,99
1998,2,18,8,5,4.75,01,.03,01,4.21,01,9900.00,99,9900.00,99
1998,2,18,8,10,11.29,01,.12,01,10.76,01,9900.00,99,9900.00,99
1998,2,18,8,15,23.19,03,.05,03,22.24,03,9900.00,99,9900.00,99
1998,2,18,8,20,20.48,09,.03,09,19.55,09,9900.00,99,9900.00,99
1998,2,18,8,25,28.81,03,.28,03,27.60,03,9900.00,99,9900.00,99
1998,2,18,8,30,32.47,03,.29,03,31.38,03,9900.00,99,9900.00,99
1998,2,18,8,35,35.47,03,.26,03,33.85,03,9900.00,99,9900.00,99
1998,2,18,8,40,37.12,03,.19,03,35.63,03,9900.00,99,9900.00,99
1998,2,18,8,45,43.26,03,.04,03,41.52,03,9900.00,99,9900.00,99
1998,2,18,8,50,74.13,03,.01,03,71.74,03,9900.00,99,9900.00,99
1998,2,18,8,55,86.22,03,-.14,03,83.66,03,9900.00,99,9900.00,99
1998,2,18,9,0,82.97,03,-.38,03,80.24,03,9900.00,99,9900.00,99
1998,2,18,9,5,98.49,03,-.41,03,96.05,03,9900.00,99,9900.00,99
1998,2,18,9,10,95.44,03,-.63,03,93.23,03,9900.00,99,9900.00,99
1998,2,18,9,15,58.52,03,-.69,03,56.93,03,9900.00,99,9900.00,99
1998,2,18,9,20,27.52,09,-.54,09,26.32,09,9900.00,99,9900.00,99
1998,2,18,9,25,28.41,09,-.49,09,27.28,09,9900.00,99,9900.00,99
1998,2,18,9,30,29.67,03,-.48,03,28.54,03,9900.00,99,9900.00,99
1998,2,18,9,35,28.66,03,-.44,03,27.60,03,9900.00,99,9900.00,99
1998,2,18,9,40,26.79,03,-.41,03,25.73,03,9900.00,99,9900.00,99
1998,2,18,9,45,25.96,03,-.48,03,24.77,03,9900.00,99,9900.00,99
1998,2,18,9,50,24.98,03,-.39,03,23.66,03,9900.00,99,9900.00,99
1998,2,18,9,55,26.30,03,-.40,03,25.04,03,9900.00,99,9900.00,99
1998,2,18,10,0,31.32,03,-.44,03,29.97,03,9900.00,99,9900.00,99
1998,2,18,10,5,35.84,03,-.43,03,34.11,03,9900.00,99,9900.00,99
1998,2,18,10,10,46.55,03,-.18,03,44.50,03,9900.00,99,9900.00,99
1998,2,18,10,15,36.01,03,-.01,03,34.31,03,9900.00,99,9900.00,99
1998,2,18,10,20,31.82,03,0.00,03,30.28,03,9900.00,99,9900.00,99
1998,2,18,10,25,38.30,03,0.00,03,36.50,03,9900.00,99,9900.00,99
1998,2,18,10,30,37.26,03,0.00,03,35.35,03,9900.00,99,9900.00,99
1998,2,18,10,35,36.43,03,0.00,03,34.70,03,9900.00,99,9900.00,99
1998,2,18,10,40,37.42,03,.01,03,35.74,03,9900.00,99,9900.00,99
1998,2,18,10,45,38.27,03,-.01,03,36.38,03,9900.00,99,9900.00,99
1998,2,18,10,50,38.54,03,-.15,03,36.91,03,9900.00,99,9900.00,99
1998,2,18,10,55,34.51,03,-.27,03,33.03,03,9900.00,99,9900.00,99
1998,2,18,11,0,37.84,03,-.36,03,36.12,03,9900.00,99,9900.00,99
1998,2,18,11,5,43.15,03,-.10,03,41.18,03,9900.00,99,9900.00,99
1998,2,18,11,10,44.01,03,.01,03,41.98,03,9900.00,99,9900.00,99
1998,2,18,11,15,45.17,03,.20,03,42.88,03,9900.00,99,9900.00,99
1998,2,18,11,20,52.07,03,.28,03,49.48,03,9900.00,99,9900.00,99
1998,2,18,11,25,73.65,03,.24,03,70.58,03,9900.00,99,9900.00,99
1998,2,18,11,30,65.71,03,.25,03,62.89,03,9900.00,99,9900.00,99
1998,2,18,11,35,68.11,03,.24,03,65.11,03,9900.00,99,9900.00,99
1998,2,18,11,40,59.35,03,.12,03,56.47,03,9900.00,99,9900.00,99
1998,2,18,11,45,63.49,03,.12,03,60.51,03,9900.00,99,9900.00,99
1998,2,18,11,50,74.25,03,.19,03,71.27,03,9900.00,99,9900.00,99
1998,2,18,11,55,70.70,03,.21,03,67.86,03,9900.00,99,9900.00,99
1998,2,18,12,0,73.83,03,.10,03,70.85,03,9900.00,99,9900.00,99
1998,2,18,12,5,65.59,03,.01,03,62.73,03,9900.00,99,9900.00,99
1998,2,18,12,10,68.67,03,.01,03,65.75,03,9900.00,99,9900.00,99
1998,2,18,12,15,83.47,03,-.03,03,80.05,03,9900.00,99,9900.00,99
1998,2,18,12,20,83.83,03,-.09,03,80.53,03,9900.00,99,9900.00,99
1998,2,18,12,25,88.92,03,-.23,03,85.23,03,9900.00,99,9900.00,99
1998,2,18,12,30,82.78,03,-.30,03,79.40,03,9900.00,99,9900.00,99
1998,2,18,12,35,86.58,03,-.33,03,83.70,03,9900.00,99,9900.00,99
1998,2,18,12,40,78.19,03,-.36,03,75.41,03,9900.00,99,9900.00,99
1998,2,18,12,45,83.05,03,-.33,03,80.01,03,9900.00,99,9900.00,99
1998,2,18,12,50,94.43,03,-.42,03,91.72,03,9900.00,99,9900.00,99
1998,2,18,12,55,77.45,03,-.40,03,75.41,03,9900.00,99,9900.00,99
1998,2,18,13,0,58.30,03,-.30,03,56.00,03,9900.00,99,9900.00,99
1998,2,18,13,5,61.88,03,-.30,03,59.40,03,9900.00,99,9900.00,99
1998,2,18,13,10,73.88,03,-.26,03,71.57,03,9900.00,99,9900.00,99
1998,2,18,13,15,89.92,03,-.37,03,86.06,03,9900.00,99,9900.00,99
1998,2,18,13,20,120.25,03,-.19,03,116.09,03,9900.00,99,9900.00,99
1998,2,18,13,25,85.75,03,-.23,03,82.80,03,9900.00,99,9900.00,99
1998,2,18,13,30,114.06,03,-.07,03,109.73,03,9900.00,99,9900.00,99
1998,2,18,13,35,164.47,03,-.05,03,159.16,03,9900.00,99,9900.00,99
1998,2,18,13,40,182.68,03,-.08,03,177.91,03,9900.00,99,9900.00,99
1998,2,18,13,45,183.45,03,-.08,03,178.72,03,9900.00,99,9900.00,99
1998,2,18,13,50,170.73,03,-.05,03,165.84,03,9900.00,99,9900.00,99
1998,2,18,13,55,208.92,03,-.02,03,201.95,03,9900.00,99,9900.00,99
1998,2,18,14,0,226.95,03,.01,03,219.35,03,9900.00,99,9900.00,99
1998,2,18,14,5,224.50,03,.05,03,215.35,03,9900.00,99,9900.00,99
1998,2,18,14,10,274.18,03,.20,03,257.87,03,9900.00,99,9900.00,99
1998,2,18,14,15,215.22,03,.29,03,203.09,03,9900.00,99,9900.00,99
1998,2,18,14,20,213.10,03,.26,03,204.30,03,9900.00,99,9900.00,99
1998,2,18,14,25,201.60,03,.23,03,193.18,03,9900.00,99,9900.00,99
1998,2,18,14,30,196.65,03,.30,03,188.02,03,9900.00,99,9900.00,99
1998,2,18,14,35,199.68,03,.53,03,192.13,03,9900.00,99,9900.00,99
1998,2,18,14,40,191.90,03,.70,03,184.09,03,9900.00,99,9900.00,99
1998,2,18,14,45,179.07,03,.98,03,169.33,03,9900.00,99,9900.00,99
1998,2,18,14,50,138.33,03,.88,03,129.33,03,9900.00,99,9900.00,99
1998,2,18,14,55,209.56,03,.80,03,196.89,03,9900.00,99,9900.00,99
1998,2,18,15,0,139.50,03,.72,03,130.49,03,9900.00,99,9900.00,99
1998,2,18,15,5,110.95,03,.51,03,104.29,03,9900.00,99,9900.00,99
1998,2,18,15,10,99.03,03,.27,03,93.38,03,9900.00,99,9900.00,99
1998,2,18,15,15,104.82,03,.31,03,98.87,03,9900.00,99,9900.00,99
1998,2,18,15,20,126.28,03,.40,03,120.48,03,9900.00,99,9900.00,99
1998,2,18,15,25,132.91,03,.46,03,126.79,03,9900.00,99,9900.00,99
1998,2,18,15,30,124.90,03,.30,03,118.98,03,9900.00,99,9900.00,99
1998,2,18,15,35,176.84,03,.38,03,168.35,03,9900.00,99,9900.00,99
1998,2,18,15,40,169.04,03,.68,03,157.24,03,9900.00,99,9900.00,99
1998,2,18,15,45,127.80,03,.36,03,121.21,03,9900.00,99,9900.00,99
1998,2,18,15,50,92.24,03,.13,03,87.75,03,9900.00,99,9900.00,99
1998,2,18,15,55,114.99,03,.03,03,109.51,03,9900.00,99,9900.00,99
1998,2,18,16,0,104.69,03,.03,03,100.58,03,9900.00,99,9900.00,99
1998,2,18,16,5,81.12,03,-.01,03,77.95,03,9900.00,99,9900.00,99
1998,2,18,16,10,70.70,03,-.01,03,67.44,03,9900.00,99,9900.00,99
1998,2,18,16,15,45.82,03,-.09,03,43.69,03,9900.00,99,9900.00,99
1998,2,18,16,20,35.09,09,-.22,09,33.28,09,9900.00,99,9900.00,99
1998,2,18,16,25,27.77,09,-.35,09,26.22,09,9900.00,99,9900.00,99
1998,2,18,16,30,20.89,09,-.40,09,19.71,09,9900.00,99,9900.00,99
1998,2,18,16,35,18.89,09,-.26,09,17.76,09,9900.00,99,9900.00,99
1998,2,18,16,40,21.23,09,-.31,09,20.14,09,9900.00,99,9900.00,99
1998,2,18,16,45,16.91,09,-.33,09,15.78,09,9900.00,99,9900.00,99
1998,2,18,16,50,16.49,09,-.56,09,15.07,09,9900.00,99,9900.00,99
1998,2,18,16,55,15.34,09,-.43,09,14.13,09,9900.00,99,9900.00,99
1998,2,18,17,0,14.45,09,-.42,09,13.27,09,9900.00,99,9900.00,99
1998,2,18,17,5,11.63,09,-.38,09,10.45,09,9900.00,99,9900.00,99
1998,2,18,17,10,11.10,09,-.37,09,9.99,09,9900.00,99,9900.00,99
1998,2,18,17,15,10.00,01,-.38,01,9.06,01,9900.00,99,9900.00,99
1998,2,18,17,20,8.26,01,-.37,01,7.42,01,9900.00,99,9900.00,99
1998,2,18,17,25,8.65,01,-.34,01,7.86,01,9900.00,99,9900.00,99
1998,2,18,17,30,8.22,01,-.37,01,7.30,01,9900.00,99,9900.00,99
1998,2,18,17,35,5.06,01,-.36,01,4.77,01,9900.00,99,9900.00,99
1998,2,18,17,40,9.53,01,-.32,01,8.42,01,9900.00,99,9900.00,99
1998,2,18,17,45,8.36,01,-.32,01,7.48,01,9900.00,99,9900.00,99
1998,2,18,17,50,4.35,01,-.35,01,3.94,01,9900.00,99,9900.00,99
1998,2,18,17,55,3.96,01,-.37,01,3.72,01,9900.00,99,9900.00,99
1998,2,18,18,0,2.81,01,-.38,01,2.46,01,9900.00,99,9900.00,99
1998,2,18,18,5,1.68,01,-.37,01,1.12,01,9900.00,99,9900.00,99
1998,2,18,18,10,1.00,01,-.37,01,.34,01,9900.00,99,9900.00,99
1998,2,18,18,15,.65,01,-.38,01,-.11,01,9900.00,99,9900.00,99
1998,2,18,18,20,.33,01,-.38,01,-.39,01,9900.00,99,9900.00,99
1998,2,18,18,25,.12,01,-.41,01,-.46,01,9900.00,99,9900.00,99
1998,2,18,18,30,.05,01,-.39,01,-.57,01,9900.00,99,9900.00,99
1998,2,18,18,35,.04,01,-.44,01,-.63,01,9900.00,99,9900.00,99
1998,2,18,18,40,.02,01,-.39,01,-.55,01,9900.00,99,9900.00,99
1998,2,18,18,45,.04,01,-.41,01,-.62,01,9900.00,99,9900.00,99
1998,2,18,18,50,.04,01,-.35,01,-.64,01,9900.00,99,9900.00,99
1998,2,18,18,55,.04,01,-.44,01,-.66,01,9900.00,99,9900.00,99
1998,2,18,19,0,.02,01,-.41,01,-.67,01,9900.00,99,9900.00,99
1998,2,18,19,5,.05,01,-.41,01,-.68,01,9900.00,99,9900.00,99
1998,2,18,19,10,.01,01,-.41,01,-.70,01,9900.00,99,9900.00,99
1998,2,18,19,15,0.00,01,-.39,01,-.68,01,9900.00,99,9900.00,99
1998,2,18,19,20,.02,01,-.41,01,-.70,01,9900.00,99,9900.00,99
1998,2,18,19,25,.01,01,-.37,01,-.79,01,9900.00,99,9900.00,99
1998,2,18,19,30,0.00,01,-.36,01,-.81,01,9900.00,99,9900.00,99
1998,2,18,19,35,.01,01,-.36,01,-.87,01,9900.00,99,9900.00,99
1998,2,18,19,40,.01,01,-.38,01,-.77,01,9900.00,99,9900.00,99
1998,2,18,19,45,.01,01,-.39,01,-.78,01,9900.00,99,9900.00,99
1998,2,18,19,50,.04,01,-.39,01,-.72,01,9900.00,99,9900.00,99
1998,2,18,19,55,.06,01,-.37,01,-.61,01,9900.00,99,9900.00,99
1998,2,18,20,0,.07,01,-.36,01,-.62,01,9900.00,99,9900.00,99
1998,2,18,20,5,.02,01,-.32,01,-.74,01,9900.00,99,9900.00,99
1998,2,18,20,10,.05,01,-.43,01,-.74,01,9900.00,99,9900.00,99
1998,2,18,20,15,.04,01,-.44,01,-.72,01,9900.00,99,9900.00,99
1998,2,18,20,20,.02,01,-.43,01,-.77,01,9900.00,99,9900.00,99
1998,2,18,20,25,.03,01,-.42,01,-.77,01,9900.00,99,9900.00,99
1998,2,18,20,30,.03,01,-.40,01,-.70,01,9900.00,99,9900.00,99
1998,2,18,20,35,.07,01,-.37,01,-.70,01,9900.00,99,9900.00,99
1998,2,18,20,40,.05,01,-.41,01,-.64,01,9900.00,99,9900.00,99
1998,2,18,20,45,.05,01,-.37,01,-.60,01,9900.00,99,9900.00,99
1998,2,18,20,50,.08,01,-.38,01,-.52,01,9900.00,99,9900.00,99
1998,2,18,20,55,.03,01,-.38,01,-.61,01,9900.00,99,9900.00,99
1998,2,18,21,0,.03,01,-.41,01,-.74,01,9900.00,99,9900.00,99
1998,2,18,21,5,.03,01,-.39,01,-.63,01,9900.00,99,9900.00,99
1998,2,18,21,10,.05,01,-.39,01,-.60,01,9900.00,99,9900.00,99
1998,2,18,21,15,.04,01,-.39,01,-.60,01,9900.00,99,9900.00,99
1998,2,18,21,20,.04,01,-.42,01,-.60,01,9900.00,99,9900.00,99
1998,2,18,21,25,.05,01,-.39,01,-.65,01,9900.00,99,9900.00,99
1998,2,18,21,30,.04,01,-.40,01,-.74,01,9900.00,99,9900.00,99
1998,2,18,21,35,.01,01,-.35,01,-.72,01,9900.00,99,9900.00,99
1998,2,18,21,40,.04,01,-.32,01,-.74,01,9900.00,99,9900.00,99
1998,2,18,21,45,.04,01,-.35,01,-.78,01,9900.00,99,9900.00,99
1998,2,18,21,50,.04,01,-.25,01,-.79,01,9900.00,99,9900.00,99
1998,2,18,21,55,.03,01,-.30,01,-.76,01,9900.00,99,9900.00,99
1998,2,18,22,0,.04,01,-.33,01,-.79,01,9900.00,99,9900.00,99
1998,2,18,22,5,.02,01,-.31,01,-.83,01,9900.00,99,9900.00,99
1998,2,18,22,10,.01,01,-.18,01,-1.02,01,9900.00,99,9900.00,99
1998,2,18,22,15,-.03,01,-.10,01,-1.11,01,9900.00,99,9900.00,99
1998,2,18,22,20,-.01,01,-.03,01,-1.11,01,9900.00,99,9900.00,99
1998,2,18,22,25,-.03,01,-.09,01,-1.15,01,9900.00,99,9900.00,99
1998,2,18,22,30,0.00,01,-.08,01,-1.15,01,9900.00,99,9900.00,99
1998,2,18,22,35,0.00,01,-.05,01,-1.19,01,9900.00,99,9900.00,99
1998,2,18,22,40,-.01,01,-.06,01,-1.19,01,9900.00,99,9900.00,99
1998,2,18,22,45,.04,01,-.05,01,-1.19,01,9900.00,99,9900.00,99
1998,2,18,22,50,.04,01,-.01,01,-1.17,01,9900.00,99,9900.00,99
1998,2,18,22,55,.05,01,-.04,01,-1.19,01,9900.00,99,9900.00,99
1998,2,18,23,0,.12,01,0.00,01,-1.16,01,9900.00,99,9900.00,99
1998,2,18,23,5,.16,01,-.03,01,-1.15,01,9900.00,99,9900.00,99
1998,2,18,23,10,.38,01,0.00,01,-1.17,01,9900.00,99,9900.00,99
1998,2,18,23,15,.43,01,-.02,01,-1.16,01,9900.00,99,9900.00,99
1998,2,18,23,20,.51,01,-.03,01,-1.11,01,9900.00,99,9900.00,99
1998,2,18,23,25,.51,01,-.06,01,-1.12,01,9900.00,99,9900.00,99
1998,2,18,23,30,.57,01,-.06,01,-.87,01,9900.00,99,9900.00,99
1998,2,18,23,35,.68,01,-.07,01,-.64,01,9900.00,99,9900.00,99
1998,2,18,23,40,.63,01,-.08,01,-.58,01,9900.00,99,9900.00,99
1998,2,18,23,45,.63,01,-.02,01,-.52,01,9900.00,99,9900.00,99
1998,2,18,23,50,.56,01,-.05,01,-.51,01,9900.00,99,9900.00,99
1998,2,18,23,55,.59,01,-.07,01,-.42,01,9900.00,99,9900.00,99
1998,2,19,0,0,.64,01,-.06,01,-.36,01,9900.00,99,9900.00,99
1998,2,19,0,5,.51,01,-.06,01,-.31,01,9900.00,99,9900.00,99
1998,2,19,0,10,.06,01,-.17,01,-.46,01,9900.00,99,9900.00,99
1998,2,19,0,15,-.09,01,-.52,01,-.74,01,9900.00,99,9900.00,99
1998,2,19,0,20,-.66,01,-.87,01,-1.17,01,9900.00,99,9900.00,99
1998,2,19,0,25,-.71,01,-.93,01,-1.19,01,9900.00,99,9900.00,99
1998,2,19,0,30,-.69,01,-.75,01,-1.19,01,9900.00,99,9900.00,99
1998,2,19,0,35,-.74,01,-.57,01,-1.19,01,9900.00,99,9900.00,99
1998,2,19,0,40,-.73,01,-.57,01,-1.19,01,9900.00,99,9900.00,99
1998,2,19,0,45,-.80,01,-.70,01,-1.19,01,9900.00,99,9900.00,99
1998,2,19,0,50,-.71,01,-.82,01,-1.18,01,9900.00,99,9900.00,99
1998,2,19,0,55,-.67,01,-.77,01,-1.19,01,9900.00,99,9900.00,99
1998,2,19,1,0,-.51,01,-.77,01,-1.16,01,9900.00,99,9900.00,99
1998,2,19,1,5,-.38,01,-.74,01,-1.10,01,9900.00,99,9900.00,99
1998,2,19,1,10,-.26,01,-.69,01,-.99,01,9900.00,99,9900.00,99
1998,2,19,1,15,-.20,01,-.59,01,-.92,01,9900.00,99,9900.00,99
1998,2,19,1,20,-.15,01,-.56,01,-.96,01,9900.00,99,9900.00,99
1998,2,19,1,25,-.18,01,-.58,01,-.97,01,9900.00,99,9900.00,99
1998,2,19,1,30,-.18,01,-.48,01,-.98,01,9900.00,99,9900.00,99
1998,2,19,1,35,-.16,01,-.47,01,-1.01,01,9900.00,99,9900.00,99
1998,2,19,1,40,-.42,01,-.49,01,-1.03,01,9900.00,99,9900.00,99
1998,2,19,1,45,-.62,01,-.43,01,-1.13,01,9900.00,99,9900.00,99
1998,2,19,1,50,-.69,01,-.37,01,-1.19,01,9900.00,99,9900.00,99
1998,2,19,1,55,-.74,01,-.35,01,-1.19,01,9900.00,99,9900.00,99
1998,2,19,2,0,-.74,01,-.49,01,-1.19,01,9900.00,99,9900.00,99
1998,2,19,2,5,-.75,01,-.47,01,-1.19,01,9900.00,99,9900.00,99
1998,2,19,2,10,-.97,01,-.33,01,-1.19,01,9900.00,99,9900.00,99
1998,2,19,2,15,-1.09,01,-.22,01,-1.24,01,9900.00,99,9900.00,99
1998,2,19,2,20,-1.12,01,-.14,01,-1.23,01,9900.00,99,9900.00,99
1998,2,19,2,25,-1.11,01,-.06,01,-1.19,01,9900.00,99,9900.00,99
1998,2,19,2,30,-1.10,01,-.08,01,-1.21,01,9900.00,99,9900.00,99
1998,2,19,2,35,-1.04,01,-.05,01,-1.19,01,9900.00,99,9900.00,99
1998,2,19,2,40,-.98,01,-.08,01,-1.19,01,9900.00,99,9900.00,99
1998,2,19,2,45,-.89,01,-.09,01,-1.19,01,9900.00,99,9900.00,99
1998,2,19,2,50,-.79,01,-.10,01,-1.19,01,9900.00,99,9900.00,99
1998,2,19,2,55,-.77,01,-.12,01,-1.15,01,9900.00,99,9900.00,99
1998,2,19,3,0,-.69,01,-.10,01,-.91,01,9900.00,99,9900.00,99
1998,2,19,3,5,-.72,01,-.12,01,-.68,01,9900.00,99,9900.00,99
1998,2,19,3,10,-.68,01,-.13,01,-.70,01,9900.00,99,9900.00,99
1998,2,19,3,15,-.62,01,-.16,01,-.62,01,9900.00,99,9900.00,99
1998,2,19,3,20,-.57,01,-.19,01,-.53,01,9900.00,99,9900.00,99
1998,2,19,3,25,-.43,01,-.21,01,-.36,01,9900.00,99,9900.00,99
1998,2,19,3,30,-.64,01,-.22,01,-.44,01,9900.00,99,9900.00,99
1998,2,19,3,35,-.47,01,-.24,01,-.35,01,9900.00,99,9900.00,99
1998,2,19,3,40,-.27,01,-.26,01,-.32,01,9900.00,99,9900.00,99
1998,2,19,3,45,-.59,01,-.34,01,-.60,01,9900.00,99,9900.00,99
1998,2,19,3,50,-.69,01,-.35,01,-.79,01,9900.00,99,9900.00,99
1998,2,19,3,55,-.69,01,-.36,01,-.81,01,9900.00,99,9900.00,99
1998,2,19,4,0,-.80,01,-.47,01,-1.10,01,9900.00,99,9900.00,99
1998,2,19,4,5,-1.26,01,-.61,01,-1.47,01,9900.00,99,9900.00,99
1998,2,19,4,10,-1.39,01,-.64,01,-1.67,01,9900.00,99,9900.00,99
1998,2,19,4,15,-1.33,01,-.42,01,-1.51,01,9900.00,99,9900.00,99
1998,2,19,4,20,-1.18,01,-.43,01,-1.28,01,9900.00,99,9900.00,99
1998,2,19,4,25,-.99,01,-.46,01,-1.25,01,9900.00,99,9900.00,99
1998,2,19,4,30,-.77,01,-.45,01,-1.19,01,9900.00,99,9900.00,99
1998,2,19,4,35,-.69,01,-.43,01,-1.19,01,9900.00,99,9900.00,99
1998,2,19,4,40,-.52,01,-.35,01,-1.15,01,9900.00,99,9900.00,99
1998,2,19,4,45,-.39,01,-.30,01,-1.13,01,9900.00,99,9900.00,99
1998,2,19,4,50,-.35,01,-.29,01,-1.08,01,9900.00,99,9900.00,99
1998,2,19,4,55,-.26,01,-.28,01,-1.08,01,9900.00,99,9900.00,99
1998,2,19,5,0,-.20,01,-.24,01,-1.01,01,9900.00,99,9900.00,99
1998,2,19,5,5,-.16,01,-.31,01,-1.09,01,9900.00,99,9900.00,99
1998,2,19,5,10,-.09,01,-.27,01,-.89,01,9900.00,99,9900.00,99
1998,2,19,5,15,-.07,01,-.33,01,-.91,01,9900.00,99,9900.00,99
1998,2,19,5,20,-.08,01,-.28,01,-.86,01,9900.00,99,9900.00,99
1998,2,19,5,25,-.12,01,-.22,01,-.92,01,9900.00,99,9900.00,99
1998,2,19,5,30,-.34,01,-.19,01,-1.05,01,9900.00,99,9900.00,99
1998,2,19,5,35,-.54,01,-.10,01,-1.18,01,9900.00,99,9900.00,99
1998,2,19,5,40,-.70,01,-.05,01,-1.18,01,9900.00,99,9900.00,99
1998,2,19,5,45,-.70,01,-.02,01,-1.19,01,9900.00,99,9900.00,99
1998,2,19,5,50,-.74,01,-.01,01,-1.19,01,9900.00,99,9900.00,99
1998,2,19,5,55,-.81,01,-.01,01,-1.19,01,9900.00,99,9900.00,99
1998,2,19,6,0,-.93,01,0.00,01,-1.19,01,9900.00,99,9900.00,99
1998,2,19,6,5,-1.08,01,0.00,01,-1.23,01,9900.00,99,9900.00,99
1998,2,19,6,10,-1.08,01,0.00,01,-1.19,01,9900.00,99,9900.00,99
1998,2,19,6,15,-1.12,01,-.01,01,-1.20,01,9900.00,99,9900.00,99
1998,2,19,6,20,-1.15,01,0.00,01,-1.23,01,9900.00,99,9900.00,99
1998,2,19,6,25,-1.12,01,-.01,01,-1.19,01,9900.00,99,9900.00,99
1998,2,19,6,30,-1.13,01,-.01,01,-1.21,01,9900.00,99,9900.00,99
1998,2,19,6,35,-1.13,01,-.01,01,-1.21,01,9900.00,99,9900.00,99
1998,2,19,6,40,-1.16,01,-.01,01,-1.19,01,9900.00,99,9900.00,99
1998,2,19,6,45,-1.11,01,-.05,01,-1.19,01,9900.00,99,9900.00,99
1998,2,19,6,50,-1.08,01,-.07,01,-1.19,01,9900.00,99,9900.00,99
1998,2,19,6,55,-.87,01,-.16,01,-1.19,01,9900.00,99,9900.00,99
1998,2,19,7,0,-.70,01,-.20,01,-1.07,01,9900.00,99,9900.00,99
1998,2,19,7,5,-.36,01,-.12,01,-.53,01,9900.00,99,9900.00,99
1998,2,19,7,10,-.07,01,-.17,01,-.24,01,9900.00,99,9900.00,99
1998,2,19,7,15,.30,01,-.23,01,.11,01,9900.00,99,9900.00,99
1998,2,19,7,20,.79,01,-.15,01,.72,01,9900.00,99,9900.00,99
1998,2,19,7,25,1.60,01,-.22,01,1.38,01,9900.00,99,9900.00,99
1998,2,19,7,30,3.18,01,-.32,01,3.05,01,9900.00,99,9900.00,99
1998,2,19,7,35,4.47,01,-.36,01,4.47,01,9900.00,99,9900.00,99
1998,2,19,7,40,5.49,01,-.39,01,4.88,01,9900.00,99,9900.00,99
1998,2,19,7,45,6.71,01,-.34,01,6.00,01,9900.00,99,9900.00,99
1998,2,19,7,50,9.28,01,-.31,01,8.62,01,9900.00,99,9900.00,99
1998,2,19,7,55,11.57,01,-.30,01,10.68,01,9900.00,99,9900.00,99
1998,2,19,8,0,12.76,01,-.24,01,11.77,01,9900.00,99,9900.00,99
1998,2,19,8,5,15.63,01,-.26,01,14.69,01,9900.00,99,9900.00,99
1998,2,19,8,10,17.60,09,-.21,09,16.25,09,9900.00,99,9900.00,99
1998,2,19,8,15,20.08,09,-.24,09,18.92,09,9900.00,99,9900.00,99
1998,2,19,8,20,17.40,09,-.30,09,16.22,09,9900.00,99,9900.00,99
1998,2,19,8,25,16.85,09,-.24,09,15.63,09,9900.00,99,9900.00,99
1998,2,19,8,30,16.40,09,-.24,09,15.24,09,9900.00,99,9900.00,99
1998,2,19,8,35,17.91,09,-.26,09,16.70,09,9900.00,99,9900.00,99
1998,2,19,8,40,18.65,09,-.29,09,17.41,09,9900.00,99,9900.00,99
1998,2,19,8,45,19.14,09,-.33,09,17.98,09,9900.00,99,9900.00,99
1998,2,19,8,50,23.44,09,-.30,09,22.15,09,9900.00,99,9900.00,99
1998,2,19,8,55,20.24,09,-.28,09,19.08,09,9900.00,99,9900.00,99
1998,2,19,9,0,25.52,09,-.23,09,24.10,09,9900.00,99,9900.00,99
1998,2,19,9,5,32.17,09,-.31,09,30.73,09,9900.00,99,9900.00,99
1998,2,19,9,10,26.03,09,-.35,09,24.56,09,9900.00,99,9900.00,99
1998,2,19,9,15,30.23,09,-.38,09,28.91,09,9900.00,99,9900.00,99
1998,2,19,9,20,28.68,09,-.31,09,26.91,09,9900.00,99,9900.00,99
1998,2,19,9,25,29.72,03,-.29,03,28.20,03,9900.00,99,9900.00,99
1998,2,19,9,30,29.41,03,-.28,03,28.00,03,9900.00,99,9900.00,99
1998,2,19,9,35,31.48,03,-.30,03,29.90,03,9900.00,99,9900.00,99
1998,2,19,9,40,31.72,03,-.30,03,30.18,03,9900.00,99,9900.00,99
1998,2,19,9,45,41.99,03,-.32,03,40.45,03,9900.00,99,9900.00,99
1998,2,19,9,50,57.73,03,-.39,03,55.77,03,9900.00,99,9900.00,99
1998,2,19,9,55,77.29,03,-.40,03,74.77,03,9900.00,99,9900.00,99
1998,2,19,10,0,77.52,03,-.59,03,74.27,03,9900.00,99,9900.00,99
1998,2,19,10,5,133.78,03,-.50,03,127.50,03,9900.00,99,9900.00,99
1998,2,19,10,10,150.36,03,-.62,03,145.80,03,9900.00,99,9900.00,99
1998,2,19,10,15,89.17,03,-.48,03,86.34,03,9900.00,99,9900.00,99
1998,2,19,10,20,78.94,03,-.35,03,75.86,03,9900.00,99,9900.00,99
1998,2,19,10,25,78.11,03,-.40,03,75.29,03,9900.00,99,9900.00,99
1998,2,19,10,30,84.08,03,-.36,03,81.25,03,9900.00,99,9900.00,99
1998,2,19,10,35,77.44,03,-.32,03,74.40,03,9900.00,99,9900.00,99
1998,2,19,10,40,79.38,03,-.30,03,76.16,03,9900.00,99,9900.00,99
1998,2,19,10,45,93.76,03,-.45,03,90.76,03,9900.00,99,9900.00,99
1998,2,19,10,50,71.57,03,-.37,03,68.86,03,9900.00,99,9900.00,99
1998,2,19,10,55,79.35,03,-.37,03,76.65,03,9900.00,99,9900.00,99
1998,2,19,11,0,67.93,03,-.30,03,65.46,03,9900.00,99,9900.00,99
1998,2,19,11,5,68.89,03,-.32,03,66.39,03,9900.00,99,9900.00,99
1998,2,19,11,10,79.95,03,-.33,03,76.38,03,9900.00,99,9900.00,99
1998,2,19,11,15,126.11,03,-.18,03,121.41,03,9900.00,99,9900.00,99
1998,2,19,11,20,181.47,03,-.03,03,175.85,03,9900.00,99,9900.00,99
1998,2,19,11,25,203.50,03,.16,03,196.15,03,9900.00,99,9900.00,99
1998,2,19,11,30,217.90,03,.44,03,208.05,03,9900.00,99,9900.00,99
1998,2,19,11,35,220.95,03,.62,03,212.05,03,9900.00,99,9900.00,99
1998,2,19,11,40,230.86,03,.73,03,220.47,03,9900.00,99,9900.00,99
1998,2,19,11,45,299.00,03,.72,03,287.23,03,9900.00,99,9900.00,99
1998,2,19,11,50,266.42,03,.71,03,258.65,03,9900.00,99,9900.00,99
1998,2,19,11,55,197.22,03,.53,03,190.47,03,9900.00,99,9900.00,99
1998,2,19,12,0,199.22,03,.43,03,191.80,03,9900.00,99,9900.00,99
1998,2,19,12,5,182.24,03,.39,03,174.55,03,9900.00,99,9900.00,99
1998,2,19,12,10,200.41,03,.27,03,192.09,03,9900.00,99,9900.00,99
1998,2,19,12,15,164.25,03,.25,03,154.10,03,9900.00,99,9900.00,99
1998,2,19,12,20,167.21,03,.30,03,156.02,03,9900.00,99,9900.00,99
1998,2,19,12,25,181.67,03,.22,03,173.19,03,9900.00,99,9900.00,99
1998,2,19,12,30,220.58,03,.15,03,212.14,03,9900.00,99,9900.00,99
1998,2,19,12,35,229.00,03,.08,03,221.67,03,9900.00,99,9900.00,99
1998,2,19,12,40,256.57,03,.16,03,248.42,03,9900.00,99,9900.00,99
1998,2,19,12,45,241.71,03,.10,03,235.32,03,9900.00,99,9900.00,99
1998,2,19,12,50,240.16,03,.18,03,233.46,03,9900.00,99,9900.00,99
1998,2,19,12,55,139.32,03,-.04,03,135.04,03,9900.00,99,9900.00,99
1998,2,19,13,0,82.64,03,-.17,03,79.42,03,9900.00,99,9900.00,99
1998,2,19,13,5,68.27,03,-.70,03,65.27,03,9900.00,99,9900.00,99
1998,2,19,13,10,65.17,03,-.66,03,62.33,03,9900.00,99,9900.00,99
1998,2,19,13,15,77.33,03,-.46,03,74.32,03,9900.00,99,9900.00,99
1998,2,19,13,20,81.16,03,-.33,03,78.12,03,9900.00,99,9900.00,99
1998,2,19,13,25,125.91,03,-.07,03,122.90,03,9900.00,99,9900.00,99
1998,2,19,13,30,112.58,03,-.08,03,109.23,03,9900.00,99,9900.00,99
1998,2,19,13,35,75.75,03,-.06,03,73.43,03,9900.00,99,9900.00,99
1998,2,19,13,40,57.23,03,-.19,03,55.41,03,9900.00,99,9900.00,99
1998,2,19,13,45,51.83,03,-.24,03,49.56,03,9900.00,99,9900.00,99
1998,2,19,13,50,55.56,03,-.18,03,52.59,03,9900.00,99,9900.00,99
1998,2,19,13,55,53.84,03,-.23,03,50.80,03,9900.00,99,9900.00,99
1998,2,19,14,0,57.13,03,-.19,03,54.34,03,9900.00,99,9900.00,99
1998,2,19,14,5,69.91,03,-.18,03,67.22,03,9900.00,99,9900.00,99
1998,2,19,14,10,93.53,03,-.01,03,90.26,03,9900.00,99,9900.00,99
1998,2,19,14,15,135.59,03,0.00,03,129.87,03,9900.00,99,9900.00,99
1998,2,19,14,20,219.49,03,.03,03,214.21,03,9900.00,99,9900.00,99
1998,2,19,14,25,202.63,03,.28,03,199.26,03,9900.00,99,9900.00,99
1998,2,19,14,30,94.92,03,.07,03,91.41,03,9900.00,99,9900.00,99
1998,2,19,14,35,78.50,03,-.11,03,74.99,03,9900.00,99,9900.00,99
1998,2,19,14,40,78.62,03,-.12,03,75.04,03,9900.00,99,9900.00,99
1998,2,19,14,45,98.80,03,-.11,03,94.33,03,9900.00,99,9900.00,99
1998,2,19,14,50,95.38,03,-.01,03,91.29,03,9900.00,99,9900.00,99
1998,2,19,14,55,93.31,03,-.01,03,90.56,03,9900.00,99,9900.00,99
1998,2,19,15,0,74.90,03,0.00,03,72.45,03,9900.00,99,9900.00,99
1998,2,19,15,5,62.22,03,-.08,03,59.70,03,9900.00,99,9900.00,99
1998,2,19,15,10,56.94,03,-.10,03,54.83,03,9900.00,99,9900.00,99
1998,2,19,15,15,51.25,03,-.21,03,49.20,03,9900.00,99,9900.00,99
1998,2,19,15,20,61.78,03,-.18,03,59.11,03,9900.00,99,9900.00,99
1998,2,19,15,25,65.11,03,-.01,03,62.42,03,9900.00,99,9900.00,99
1998,2,19,15,30,51.77,03,-.12,03,49.69,03,9900.00,99,9900.00,99
1998,2,19,15,35,61.70,03,-.15,03,59.01,03,9900.00,99,9900.00,99
1998,2,19,15,40,67.55,03,-.06,03,64.45,03,9900.00,99,9900.00,99
1998,2,19,15,45,95.94,03,-.05,03,92.33,03,9900.00,99,9900.00,99
1998,2,19,15,50,161.50,03,0.00,03,157.07,03,9900.00,99,9900.00,99
1998,2,19,15,55,170.17,03,.14,03,161.44,03,9900.00,99,9900.00,99
1998,2,19,16,0,85.37,03,-.06,03,80.21,03,9900.00,99,9900.00,99
1998,2,19,16,5,43.83,09,-.20,09,41.55,09,9900.00,99,9900.00,99
1998,2,19,16,10,35.72,09,-.36,09,34.07,09,9900.00,99,9900.00,99
1998,2,19,16,15,22.16,09,-.41,09,21.05,09,9900.00,99,9900.00,99
1998,2,19,16,20,19.24,09,-.43,09,18.04,09,9900.00,99,9900.00,99
1998,2,19,16,25,21.65,09,-.35,09,20.36,09,9900.00,99,9900.00,99
1998,2,19,16,30,18.61,09,-.34,09,17.44,09,9900.00,99,9900.00,99
1998,2,19,16,35,19.53,09,-.32,09,18.33,09,9900.00,99,9900.00,99
1998,2,19,16,40,14.15,09,-.32,09,13.21,09,9900.00,99,9900.00,99
1998,2,19,16,45,10.03,09,-.32,09,9.31,09,9900.00,99,9900.00,99
1998,2,19,16,50,9.14,09,-.29,09,8.75,09,9900.00,99,9900.00,99
1998,2,19,16,55,9.02,09,-.28,09,8.65,09,9900.00,99,9900.00,99
1998,2,19,17,0,8.45,09,-.23,09,8.03,09,9900.00,99,9900.00,99
1998,2,19,17,5,10.56,09,-.22,09,9.81,09,9900.00,99,9900.00,99
1998,2,19,17,10,13.93,09,-.24,09,13.06,09,9900.00,99,9900.00,99
1998,2,19,17,15,16.27,01,-.21,01,15.25,01,9900.00,99,9900.00,99
1998,2,19,17,20,11.98,01,-.24,01,11.15,01,9900.00,99,9900.00,99
1998,2,19,17,25,6.74,01,-.28,01,6.07,01,9900.00,99,9900.00,99
1998,2,19,17,30,3.55,01,-.41,01,3.50,01,9900.00,99,9900.00,99
1998,2,19,17,35,2.93,01,-.42,01,2.71,01,9900.00,99,9900.00,99
1998,2,19,17,40,3.04,01,-.45,01,2.72,01,9900.00,99,9900.00,99
1998,2,19,17,45,2.80,01,-.41,01,2.58,01,9900.00,99,9900.00,99
1998,2,19,17,50,1.51,01,-.39,01,1.07,01,9900.00,99,9900.00,99
1998,2,19,17,55,.81,01,-.37,01,.30,01,9900.00,99,9900.00,99
1998,2,19,18,0,.69,01,-.40,01,.12,01,9900.00,99,9900.00,99
1998,2,19,18,5,.56,01,-.42,01,.15,01,9900.00,99,9900.00,99
1998,2,19,18,10,.11,01,-.42,01,-.25,01,9900.00,99,9900.00,99
1998,2,19,18,15,-.05,01,-.39,01,-.57,01,9900.00,99,9900.00,99
1998,2,19,18,20,-.32,01,-.46,01,-.97,01,9900.00,99,9900.00,99
1998,2,19,18,25,-.65,01,-.46,01,-1.16,01,9900.00,99,9900.00,99
1998,2,19,18,30,-.73,01,-.38,01,-1.19,01,9900.00,99,9900.00,99
1998,2,19,18,35,-.79,01,-.32,01,-1.19,01,9900.00,99,9900.00,99
1998,2,19,18,40,-.73,01,-.16,01,-1.19,01,9900.00,99,9900.00,99
1998,2,19,18,45,-.68,01,-.12,01,-1.13,01,9900.00,99,9900.00,99
1998,2,19,18,50,-.51,01,-.09,01,-.82,01,9900.00,99,9900.00,99
1998,2,19,18,55,-.25,01,-.28,01,-.77,01,9900.00,99,9900.00,99
1998,2,19,19,0,-.29,01,-.26,01,-.79,01,9900.00,99,9900.00,99
1998,2,19,19,5,-.37,01,-.28,01,-.82,01,9900.00,99,9900.00,99
1998,2,19,19,10,-.56,01,-.32,01,-.99,01,9900.00,99,9900.00,99
1998,2,19,19,15,-.41,01,-.34,01,-.83,01,9900.00,99,9900.00,99
1998,2,19,19,20,-.24,01,-.31,01,-.76,01,9900.00,99,9900.00,99
1998,2,19,19,25,-.07,01,-.32,01,-.70,01,9900.00,99,9900.00,99
1998,2,19,19,30,-.08,01,-.30,01,-.68,01,9900.00,99,9900.00,99
1998,2,19,19,35,-.07,01,-.29,01,-.58,01,9900.00,99,9900.00,99
1998,2,19,19,40,-.04,01,-.30,01,-.56,01,9900.00,99,9900.00,99
1998,2,19,19,45,0.00,01,-.33,01,-.50,01,9900.00,99,9900.00,99
1998,2,19,19,50,-.05,01,-.28,01,-.60,01,9900.00,99,9900.00,99
1998,2,19,19,55,-.10,01,-.31,01,-.77,01,9900.00,99,9900.00,99
1998,2,19,20,0,-.23,01,-.39,01,-.78,01,9900.00,99,9900.00,99
1998,2,19,20,5,-.40,01,-.38,01,-.83,01,9900.00,99,9900.00,99
1998,2,19,20,10,-.60,01,-.35,01,-1.09,01,9900.00,99,9900.00,99
1998,2,19,20,15,-.64,01,-.39,01,-1.08,01,9900.00,99,9900.00,99
1998,2,19,20,20,-.66,01,-.38,01,-1.09,01,9900.00,99,9900.00,99
1998,2,19,20,25,-.65,01,-.33,01,-1.11,01,9900.00,99,9900.00,99
1998,2,19,20,30,-.64,01,-.33,01,-1.11,01,9900.00,99,9900.00,99
1998,2,19,20,35,-.67,01,-.33,01,-1.13,01,9900.00,99,9900.00,99
1998,2,19,20,40,-.66,01,-.30,01,-1.10,01,9900.00,99,9900.00,99
1998,2,19,20,45,-.62,01,-.35,01,-1.07,01,9900.00,99,9900.00,99
1998,2,19,20,50,-.65,01,-.30,01,-1.05,01,9900.00,99,9900.00,99
1998,2,19,20,55,-.43,01,-.35,01,-.88,01,9900.00,99,9900.00,99
1998,2,19,21,0,-.46,01,-.35,01,-.86,01,9900.00,99,9900.00,99
1998,2,19,21,5,-.66,01,-.36,01,-1.11,01,9900.00,99,9900.00,99
1998,2,19,21,10,-.67,01,-.36,01,-1.13,01,9900.00,99,9900.00,99
1998,2,19,21,15,-.66,01,-.36,01,-1.16,01,9900.00,99,9900.00,99
1998,2,19,21,20,-.68,01,-.32,01,-1.15,01,9900.00,99,9900.00,99
1998,2,19,21,25,-.66,01,-.32,01,-1.12,01,9900.00,99,9900.00,99
1998,2,19,21,30,-.64,01,-.36,01,-1.09,01,9900.00,99,9900.00,99
1998,2,19,21,35,-.65,01,-.37,01,-1.10,01,9900.00,99,9900.00,99
1998,2,19,21,40,-.65,01,-.36,01,-1.16,01,9900.00,99,9900.00,99
1998,2,19,21,45,-.49,01,-.31,01,-1.05,01,9900.00,99,9900.00,99
1998,2,19,21,50,-.45,01,-.34,01,-.86,01,9900.00,99,9900.00,99
1998,2,19,21,55,-.68,01,-.37,01,-1.15,01,9900.00,99,9900.00,99
1998,2,19,22,0,-.68,01,-.33,01,-1.16,01,9900.00,99,9900.00,99
1998,2,19,22,5,-.68,01,-.35,01,-1.15,01,9900.00,99,9900.00,99
1998,2,19,22,10,-.66,01,-.35,01,-1.12,01,9900.00,99,9900.00,99
1998,2,19,22,15,-.55,01,-.35,01,-1.07,01,9900.00,99,9900.00,99
1998,2,19,22,20,-.65,01,-.33,01,-1.16,01,9900.00,99,9900.00,99
1998,2,19,22,25,-.67,01,-.34,01,-1.15,01,9900.00,99,9900.00,99
1998,2,19,22,30,-.48,01,-.37,01,-.95,01,9900.00,99,9900.00,99
1998,2,19,22,35,-.07,01,-.35,01,-.64,01,9900.00,99,9900.00,99
1998,2,19,22,40,-.27,01,-.34,01,-.73,01,9900.00,99,9900.00,99
1998,2,19,22,45,-.76,01,-.37,01,-1.18,01,9900.00,99,9900.00,99
1998,2,19,22,50,-1.10,01,-.38,01,-1.20,01,9900.00,99,9900.00,99
1998,2,19,22,55,-1.15,01,-.39,01,-1.21,01,9900.00,99,9900.00,99
1998,2,19,23,0,-1.15,01,-.39,01,-1.32,01,9900.00,99,9900.00,99
1998,2,19,23,5,-1.25,01,-.41,01,-1.51,01,9900.00,99,9900.00,99
1998,2,19,23,10,-1.21,01,-.39,01,-1.48,01,9900.00,99,9900.00,99
1998,2,19,23,15,-1.15,01,-.41,01,-1.43,01,9900.00,99,9900.00,99
1998,2,19,23,20,-.82,01,-.37,01,-1.19,01,9900.00,99,9900.00,99
1998,2,19,23,25,-.87,01,-.38,01,-1.19,01,9900.00,99,9900.00,99
1998,2,19,23,30,-1.26,01,-.41,01,-1.51,01,9900.00,99,9900.00,99
1998,2,19,23,35,-1.04,01,-.39,01,-1.28,01,9900.00,99,9900.00,99
1998,2,19,23,40,-.79,01,-.41,01,-1.19,01,9900.00,99,9900.00,99
1998,2,19,23,45,-.62,01,-.34,01,-1.04,01,9900.00,99,9900.00,99
1998,2,19,23,50,-.32,01,-.32,01,-.83,01,9900.00,99,9900.00,99
1998,2,19,23,55,-.09,01,-.29,01,-.65,01,9900.00,99,9900.00,99
1998,2,20,0,0,-.05,01,-.25,01,-.48,01,9900.00,99,9900.00,99
1998,2,20,0,5,-.04,01,-.24,01,-.47,01,9900.00,99,9900.00,99
1998,2,20,0,10,-.10,01,-.26,01,-.53,01,9900.00,99,9900.00,99
1998,2,20,0,15,-.10,01,-.31,01,-.59,01,9900.00,99,9900.00,99
1998,2,20,0,20,-.37,01,-.35,01,-.90,01,9900.00,99,9900.00,99
1998,2,20,0,25,-.51,01,-.35,01,-.98,01,9900.00,99,9900.00,99
1998,2,20,0,30,-.67,01,-.37,01,-1.15,01,9900.00,99,9900.00,99
1998,2,20,0,35,-.69,01,-.38,01,-1.19,01,9900.00,99,9900.00,99
1998,2,20,0,40,-.65,01,-.34,01,-1.15,01,9900.00,99,9900.00,99
1998,2,20,0,45,-.57,01,-.34,01,-1.05,01,9900.00,99,9900.00,99
1998,2,20,0,50,-.26,01,-.34,01,-.79,01,9900.00,99,9900.00,99
1998,2,20,0,55,-.27,01,-.29,01,-.80,01,9900.00,99,9900.00,99
1998,2,20,1,0,-.23,01,-.26,01,-.73,01,9900.00,99,9900.00,99
1998,2,20,1,5,-.10,01,-.28,01,-.63,01,9900.00,99,9900.00,99
1998,2,20,1,10,-.08,01,-.17,01,-.56,01,9900.00,99,9900.00,99
1998,2,20,1,15,-.03,01,-.15,01,-.34,01,9900.00,99,9900.00,99
1998,2,20,1,20,-.04,01,-.16,01,-.39,01,9900.00,99,9900.00,99
1998,2,20,1,25,-.05,01,-.33,01,-.44,01,9900.00,99,9900.00,99
1998,2,20,1,30,-.07,01,-.33,01,-.53,01,9900.00,99,9900.00,99
1998,2,20,1,35,-.29,01,-.38,01,-.78,01,9900.00,99,9900.00,99
1998,2,20,1,40,-.27,01,-.38,01,-.74,01,9900.00,99,9900.00,99
1998,2,20,1,45,-.76,01,-.43,01,-1.17,01,9900.00,99,9900.00,99
1998,2,20,1,50,-.73,01,-.42,01,-1.17,01,9900.00,99,9900.00,99
1998,2,20,1,55,-.58,01,-.32,01,-1.07,01,9900.00,99,9900.00,99
1998,2,20,2,0,-.22,01,-.32,01,-.81,01,9900.00,99,9900.00,99
1998,2,20,2,5,-.01,01,-.30,01,-.53,01,9900.00,99,9900.00,99
1998,2,20,2,10,-.01,01,-.19,01,-.40,01,9900.00,99,9900.00,99
1998,2,20,2,15,-.05,01,-.23,01,-.50,01,9900.00,99,9900.00,99
1998,2,20,2,20,-.27,01,-.33,01,-.79,01,9900.00,99,9900.00,99
1998,2,20,2,25,-.90,01,-.37,01,-1.24,01,9900.00,99,9900.00,99
1998,2,20,2,30,-.97,01,-.37,01,-1.24,01,9900.00,99,9900.00,99
1998,2,20,2,35,-.82,01,-.36,01,-1.19,01,9900.00,99,9900.00,99
1998,2,20,2,40,-.75,01,-.26,01,-1.18,01,9900.00,99,9900.00,99
1998,2,20,2,45,-.63,01,-.23,01,-1.03,01,9900.00,99,9900.00,99
1998,2,20,2,50,-.58,01,-.24,01,-.98,01,9900.00,99,9900.00,99
1998,2,20,2,55,-.67,01,-.28,01,-1.15,01,9900.00,99,9900.00,99
1998,2,20,3,0,-.69,01,-.33,01,-1.17,01,9900.00,99,9900.00,99
1998,2,20,3,5,-.56,01,-.23,01,-.99,01,9900.00,99,9900.00,99
1998,2,20,3,10,-.61,01,-.28,01,-1.07,01,9900.00,99,9900.00,99
1998,2,20,3,15,-.51,01,-.32,01,-1.01,01,9900.00,99,9900.00,99
1998,2,20,3,20,-.50,01,-.28,01,-.98,01,9900.00,99,9900.00,99
1998,2,20,3,25,-.15,01,-.27,01,-.73,01,9900.00,99,9900.00,99
1998,2,20,3,30,-.38,01,-.23,01,-.81,01,9900.00,99,9900.00,99
1998,2,20,3,35,-.63,01,-.32,01,-1.07,01,9900.00,99,9900.00,99
1998,2,20,3,40,-.62,01,-.29,01,-1.09,01,9900.00,99,9900.00,99
1998,2,20,3,45,-.79,01,-.37,01,-1.19,01,9900.00,99,9900.00,99
1998,2,20,3,50,-1.09,01,-.44,01,-1.43,01,9900.00,99,9900.00,99
1998,2,20,3,55,-1.13,01,-.68,01,-1.78,01,9900.00,99,9900.00,99
1998,2,20,4,0,-1.00,01,-.71,01,-1.43,01,9900.00,99,9900.00,99
1998,2,20,4,5,-.79,01,-.64,01,-1.25,01,9900.00,99,9900.00,99
1998,2,20,4,10,-.73,01,-.48,01,-1.19,01,9900.00,99,9900.00,99
1998,2,20,4,15,-.69,01,-.43,01,-1.19,01,9900.00,99,9900.00,99
1998,2,20,4,20,-.64,01,-.44,01,-1.19,01,9900.00,99,9900.00,99
1998,2,20,4,25,-.50,01,-.39,01,-1.17,01,9900.00,99,9900.00,99
1998,2,20,4,30,-.62,01,-.33,01,-1.19,01,9900.00,99,9900.00,99
1998,2,20,4,35,-.24,01,-.35,01,-1.01,01,9900.00,99,9900.00,99
1998,2,20,4,40,-.04,01,-.36,01,-.87,01,9900.00,99,9900.00,99
1998,2,20,4,45,0.00,01,-.35,01,-.68,01,9900.00,99,9900.00,99
1998,2,20,4,50,0.00,01,-.28,01,-.65,01,9900.00,99,9900.00,99
1998,2,20,4,55,-.03,01,-.28,01,-.70,01,9900.00,99,9900.00,99
1998,2,20,5,0,0.00,01,-.35,01,-.66,01,9900.00,99,9900.00,99
1998,2,20,5,5,.01,01,-.33,01,-.58,01,9900.00,99,9900.00,99
1998,2,20,5,10,.05,01,-.29,01,-.57,01,9900.00,99,9900.00,99
1998,2,20,5,15,.02,01,-.31,01,-.48,01,9900.00,99,9900.00,99
1998,2,20,5,20,.02,01,-.37,01,-.58,01,9900.00,99,9900.00,99
1998,2,20,5,25,0.00,01,-.33,01,-.62,01,9900.00,99,9900.00,99
1998,2,20,5,30,0.00,01,-.39,01,-.53,01,9900.00,99,9900.00,99
1998,2,20,5,35,.01,01,-.35,01,-.54,01,9900.00,99,9900.00,99
1998,2,20,5,40,.01,01,-.32,01,-.59,01,9900.00,99,9900.00,99
1998,2,20,5,45,.01,01,-.30,01,-.54,01,9900.00,99,9900.00,99
1998,2,20,5,50,0.00,01,-.32,01,-.70,01,9900.00,99,9900.00,99
1998,2,20,5,55,.01,01,-.35,01,-.54,01,9900.00,99,9900.00,99
1998,2,20,6,0,.01,01,-.35,01,-.46,01,9900.00,99,9900.00,99
1998,2,20,6,5,.07,01,-.31,01,-.48,01,9900.00,99,9900.00,99
1998,2,20,6,10,.04,01,-.24,01,-.42,01,9900.00,99,9900.00,99
1998,2,20,6,15,.02,01,-.29,01,-.42,01,9900.00,99,9900.00,99
1998,2,20,6,20,.05,01,-.24,01,-.46,01,9900.00,99,9900.00,99
1998,2,20,6,25,.01,01,-.34,01,-.50,01,9900.00,99,9900.00,99
1998,2,20,6,30,0.00,01,-.27,01,-.59,01,9900.00,99,9900.00,99
1998,2,20,6,35,-.01,01,-.30,01,-.62,01,9900.00,99,9900.00,99
1998,2,20,6,40,-.03,01,-.30,01,-.62,01,9900.00,99,9900.00,99
1998,2,20,6,45,.02,01,-.36,01,-.46,01,9900.00,99,9900.00,99
1998,2,20,6,50,-.05,01,-.27,01,-.72,01,9900.00,99,9900.00,99
1998,2,20,6,55,-.14,01,-.26,01,-.96,01,9900.00,99,9900.00,99
1998,2,20,7,0,.03,01,-.32,01,-.55,01,9900.00,99,9900.00,99
1998,2,20,7,5,.54,01,-.26,01,-.04,01,9900.00,99,9900.00,99
1998,2,20,7,10,.71,01,-.24,01,.10,01,9900.00,99,9900.00,99
1998,2,20,7,15,.93,01,-.10,01,.47,01,9900.00,99,9900.00,99
1998,2,20,7,20,1.12,01,-.14,01,.75,01,9900.00,99,9900.00,99
1998,2,20,7,25,3.08,01,-.06,01,2.83,01,9900.00,99,9900.00,99
1998,2,20,7,30,6.44,01,-.12,01,5.72,01,9900.00,99,9900.00,99
1998,2,20,7,35,7.82,01,-.10,01,7.10,01,9900.00,99,9900.00,99
1998,2,20,7,40,6.67,01,-.08,01,6.05,01,9900.00,99,9900.00,99
1998,2,20,7,45,6.01,01,-.11,01,5.93,01,9900.00,99,9900.00,99
1998,2,20,7,50,6.66,01,-.19,01,6.62,01,9900.00,99,9900.00,99
1998,2,20,7,55,8.28,01,-.24,01,7.61,01,9900.00,99,9900.00,99
1998,2,20,8,0,11.96,01,-.16,01,10.93,01,9900.00,99,9900.00,99
1998,2,20,8,5,12.37,01,-.26,01,11.53,01,9900.00,99,9900.00,99
1998,2,20,8,10,11.01,09,-.15,09,10.03,09,9900.00,99,9900.00,99
1998,2,20,8,15,13.34,09,-.21,09,12.31,09,9900.00,99,9900.00,99
1998,2,20,8,20,16.44,09,-.14,09,15.40,09,9900.00,99,9900.00,99
1998,2,20,8,25,12.90,09,-.06,09,11.84,09,9900.00,99,9900.00,99
1998,2,20,8,30,14.95,09,-.08,09,13.88,09,9900.00,99,9900.00,99
1998,2,20,8,35,24.21,09,-.02,09,22.78,09,9900.00,99,9900.00,99
1998,2,20,8,40,36.32,03,-.05,03,34.63,03,9900.00,99,9900.00,99
1998,2,20,8,45,30.09,09,-.06,09,28.68,09,9900.00,99,9900.00,99
1998,2,20,8,50,22.62,09,-.01,09,21.33,09,9900.00,99,9900.00,99
1998,2,20,8,55,14.43,09,-.01,09,13.42,09,9900.00,99,9900.00,99
1998,2,20,9,0,17.53,09,-.03,09,15.97,09,9900.00,99,9900.00,99
1998,2,20,9,5,28.71,09,-.15,09,27.05,09,9900.00,99,9900.00,99
1998,2,20,9,10,37.90,09,-.19,09,35.71,09,9900.00,99,9900.00,99
1998,2,20,9,15,63.51,03,-.28,03,60.05,03,9900.00,99,9900.00,99
1998,2,20,9,20,83.41,03,-.34,03,79.21,03,9900.00,99,9900.00,99
1998,2,20,9,25,105.79,03,-.39,03,100.85,03,9900.00,99,9900.00,99
1998,2,20,9,30,90.47,03,-.46,03,87.21,03,9900.00,99,9900.00,99
1998,2,20,9,35,57.37,03,-.37,03,55.05,03,9900.00,99,9900.00,99
1998,2,20,9,40,60.85,03,-.26,03,58.04,03,9900.00,99,9900.00,99
1998,2,20,9,45,49.65,03,-.05,03,48.21,03,9900.00,99,9900.00,99
1998,2,20,9,50,41.58,03,-.09,03,39.65,03,9900.00,99,9900.00,99
1998,2,20,9,55,47.71,03,-.13,03,45.53,03,9900.00,99,9900.00,99
1998,2,20,10,0,43.48,03,-.21,03,41.20,03,9900.00,99,9900.00,99
1998,2,20,10,5,47.80,03,-.22,03,45.02,03,9900.00,99,9900.00,99
1998,2,20,10,10,52.34,03,-.02,03,50.04,03,9900.00,99,9900.00,99
1998,2,20,10,15,69.31,03,-.09,03,65.28,03,9900.00,99,9900.00,99
1998,2,20,10,20,111.45,03,-.08,03,107.45,03,9900.00,99,9900.00,99
1998,2,20,10,25,136.29,03,-.08,03,132.11,03,9900.00,99,9900.00,99
1998,2,20,10,30,116.96,03,-.01,03,113.44,03,9900.00,99,9900.00,99
1998,2,20,10,35,196.97,03,0.00,03,189.28,03,9900.00,99,9900.00,99
1998,2,20,10,40,191.64,03,-.03,03,182.88,03,9900.00,99,9900.00,99
1998,2,20,10,45,243.56,03,-.05,03,238.37,03,9900.00,99,9900.00,99
1998,2,20,10,50,120.58,03,-.05,03,115.52,03,9900.00,99,9900.00,99
1998,2,20,10,55,87.32,03,.01,03,83.60,03,9900.00,99,9900.00,99
1998,2,20,11,0,93.02,03,-.02,03,88.47,03,9900.00,99,9900.00,99
1998,2,20,11,5,106.21,03,0.00,03,101.14,03,9900.00,99,9900.00,99
1998,2,20,11,10,97.88,03,0.00,03,93.06,03,9900.00,99,9900.00,99
1998,2,20,11,15,85.57,03,0.00,03,82.00,03,9900.00,99,9900.00,99
1998,2,20,11,20,80.08,03,.03,03,76.91,03,9900.00,99,9900.00,99
1998,2,20,11,25,68.73,03,.05,03,65.06,03,9900.00,99,9900.00,99
1998,2,20,11,30,70.47,03,.05,03,67.05,03,9900.00,99,9900.00,99
1998,2,20,11,35,91.15,03,.04,03,88.10,03,9900.00,99,9900.00,99
1998,2,20,11,40,63.02,03,.05,03,60.30,03,9900.00,99,9900.00,99
1998,2,20,11,45,50.48,03,.15,03,48.42,03,9900.00,99,9900.00,99
1998,2,20,11,50,52.63,03,.08,03,51.04,03,9900.00,99,9900.00,99
1998,2,20,11,55,39.84,03,.06,03,37.92,03,9900.00,99,9900.00,99
1998,2,20,12,0,60.00,03,.05,03,56.94,03,9900.00,99,9900.00,99
1998,2,20,12,5,80.12,03,.08,03,76.11,03,9900.00,99,9900.00,99
1998,2,20,12,10,112.35,03,0.00,03,107.26,03,9900.00,99,9900.00,99
1998,2,20,12,15,117.12,03,-.01,03,112.31,03,9900.00,99,9900.00,99
1998,2,20,12,20,163.20,03,.12,03,156.55,03,9900.00,99,9900.00,99
1998,2,20,12,25,133.97,03,.10,03,129.14,03,9900.00,99,9900.00,99
1998,2,20,12,30,152.12,03,.17,03,146.45,03,9900.00,99,9900.00,99
1998,2,20,12,35,154.95,03,.08,03,150.14,03,9900.00,99,9900.00,99
1998,2,20,12,40,126.33,03,.08,03,118.00,03,9900.00,99,9900.00,99
1998,2,20,12,45,74.11,03,.03,03,68.79,03,9900.00,99,9900.00,99
1998,2,20,12,50,46.88,03,0.00,03,43.71,03,9900.00,99,9900.00,99
1998,2,20,12,55,54.02,03,-.05,03,50.92,03,9900.00,99,9900.00,99
1998,2,20,13,0,63.10,03,-.03,03,59.59,03,9900.00,99,9900.00,99
1998,2,20,13,5,109.28,03,-.03,03,103.77,03,9900.00,99,9900.00,99
1998,2,20,13,10,79.16,03,-.06,03,75.19,03,9900.00,99,9900.00,99
1998,2,20,13,15,65.61,03,-.04,03,62.63,03,9900.00,99,9900.00,99
1998,2,20,13,20,102.82,03,-.06,03,97.33,03,9900.00,99,9900.00,99
1998,2,20,13,25,96.59,03,-.01,03,92.56,03,9900.00,99,9900.00,99
1998,2,20,13,30,91.42,03,.01,03,89.03,03,9900.00,99,9900.00,99
1998,2,20,13,35,99.41,03,.01,03,96.58,03,9900.00,99,9900.00,99
1998,2,20,13,40,98.86,03,0.00,03,95.51,03,9900.00,99,9900.00,99
1998,2,20,13,45,82.79,03,0.00,03,80.54,03,9900.00,99,9900.00,99
1998,2,20,13,50,73.68,03,-.01,03,71.67,03,9900.00,99,9900.00,99
1998,2,20,13,55,155.84,03,0.00,03,153.80,03,9900.00,99,9900.00,99
1998,2,20,14,0,224.33,03,.03,03,220.74,03,9900.00,99,9900.00,99
1998,2,20,14,5,195.88,03,.03,03,191.25,03,9900.00,99,9900.00,99
1998,2,20,14,10,151.40,03,.01,03,145.43,03,9900.00,99,9900.00,99
1998,2,20,14,15,43.27,03,-.09,03,40.21,03,9900.00,99,9900.00,99
1998,2,20,14,20,27.55,03,-.18,03,25.57,03,9900.00,99,9900.00,99
1998,2,20,14,25,26.69,03,-.42,03,24.75,03,9900.00,99,9900.00,99
1998,2,20,14,30,23.46,03,-.42,03,21.70,03,9900.00,99,9900.00,99
1998,2,20,14,35,28.91,03,-.32,03,27.03,03,9900.00,99,9900.00,99
1998,2,20,14,40,48.90,03,-.06,03,46.43,03,9900.00,99,9900.00,99
1998,2,20,14,45,60.71,03,0.00,03,58.74,03,9900.00,99,9900.00,99
1998,2,20,14,50,33.69,03,.02,03,32.20,03,9900.00,99,9900.00,99
1998,2,20,14,55,29.86,03,0.00,03,28.47,03,9900.00,99,9900.00,99
1998,2,20,15,0,34.77,03,0.00,03,33.47,03,9900.00,99,9900.00,99
1998,2,20,15,5,29.84,03,.03,03,28.73,03,9900.00,99,9900.00,99
1998,2,20,15,10,27.32,03,.01,03,26.27,03,9900.00,99,9900.00,99
1998,2,20,15,15,25.95,03,0.00,03,24.96,03,9900.00,99,9900.00,99
1998,2,20,15,20,34.05,03,-.10,03,32.88,03,9900.00,99,9900.00,99
1998,2,20,15,25,64.88,03,-.05,03,63.40,03,9900.00,99,9900.00,99
1998,2,20,15,30,58.31,03,.05,03,56.02,03,9900.00,99,9900.00,99
1998,2,20,15,35,46.95,03,.05,03,45.18,03,9900.00,99,9900.00,99
1998,2,20,15,40,78.70,03,.05,03,76.17,03,9900.00,99,9900.00,99
1998,2,20,15,45,39.39,03,.06,03,37.49,03,9900.00,99,9900.00,99
1998,2,20,15,50,25.71,03,0.00,03,24.49,03,9900.00,99,9900.00,99
1998,2,20,15,55,28.42,09,-.01,09,27.06,09,9900.00,99,9900.00,99
1998,2,20,16,0,84.60,03,-.01,03,82.06,03,9900.00,99,9900.00,99
1998,2,20,16,5,129.85,03,.27,03,125.98,03,9900.00,99,9900.00,99
1998,2,20,16,10,91.14,03,.32,03,84.41,03,9900.00,99,9900.00,99
1998,2,20,16,15,99.78,03,.22,03,95.22,03,9900.00,99,9900.00,99
1998,2,20,16,20,87.86,03,.10,03,84.24,03,9900.00,99,9900.00,99
1998,2,20,16,25,39.59,03,.02,03,38.01,03,9900.00,99,9900.00,99
1998,2,20,16,30,19.11,09,-.14,09,18.09,09,9900.00,99,9900.00,99
1998,2,20,16,35,19.27,09,-.24,09,18.55,09,9900.00,99,9900.00,99
1998,2,20,16,40,23.90,09,-.21,09,22.93,09,9900.00,99,9900.00,99
1998,2,20,16,45,37.35,03,-.41,03,35.76,03,9900.00,99,9900.00,99
1998,2,20,16,50,40.05,03,-.39,03,38.51,03,9900.00,99,9900.00,99
1998,2,20,16,55,27.10,09,-.24,09,25.22,09,9900.00,99,9900.00,99
1998,2,20,17,0,14.06,09,-.09,09,12.89,09,9900.00,99,9900.00,99
1998,2,20,17,5,8.48,09,-.12,09,7.68,09,9900.00,99,9900.00,99
1998,2,20,17,10,10.26,09,-.13,09,9.46,09,9900.00,99,9900.00,99
1998,2,20,17,15,6.82,01,-.15,01,6.33,01,9900.00,99,9900.00,99
1998,2,20,17,20,7.36,01,-.25,01,6.60,01,9900.00,99,9900.00,99
1998,2,20,17,25,10.63,01,-.23,01,9.89,01,9900.00,99,9900.00,99
1998,2,20,17,30,14.52,01,-.27,01,13.61,01,9900.00,99,9900.00,99
1998,2,20,17,35,12.44,01,-.30,01,11.68,01,9900.00,99,9900.00,99
1998,2,20,17,40,6.36,01,-.38,01,5.81,01,9900.00,99,9900.00,99
1998,2,20,17,45,3.07,01,-.32,01,3.01,01,9900.00,99,9900.00,99
1998,2,20,17,50,2.30,01,-.41,01,1.92,01,9900.00,99,9900.00,99
1998,2,20,17,55,1.29,01,-.35,01,1.05,01,9900.00,99,9900.00,99
1998,2,20,18,0,.25,01,-.26,01,-.05,01,9900.00,99,9900.00,99
1998,2,20,18,5,.04,01,-.21,01,-.38,01,9900.00,99,9900.00,99
1998,2,20,18,10,-.04,01,-.22,01,-.66,01,9900.00,99,9900.00,99
1998,2,20,18,15,-.07,01,-.31,01,-.78,01,9900.00,99,9900.00,99
1998,2,20,18,20,-.22,01,-.31,01,-.84,01,9900.00,99,9900.00,99
1998,2,20,18,25,-.21,01,-.34,01,-.83,01,9900.00,99,9900.00,99
1998,2,20,18,30,-.27,01,-.33,01,-.87,01,9900.00,99,9900.00,99
1998,2,20,18,35,-.18,01,-.34,01,-.87,01,9900.00,99,9900.00,99
1998,2,20,18,40,-.05,01,-.37,01,-.82,01,9900.00,99,9900.00,99
1998,2,20,18,45,-.69,01,-.73,01,-1.22,01,9900.00,99,9900.00,99
1998,2,20,18,50,-.87,01,-1.02,01,-1.32,01,9900.00,99,9900.00,99
1998,2,20,18,55,-.73,01,-.86,01,-1.20,01,9900.00,99,9900.00,99
1998,2,20,19,0,-.68,01,-.72,01,-1.19,01,9900.00,99,9900.00,99
1998,2,20,19,5,-.69,01,-.69,01,-1.19,01,9900.00,99,9900.00,99
1998,2,20,19,10,-.70,01,-.70,01,-1.19,01,9900.00,99,9900.00,99
1998,2,20,19,15,-.62,01,-.62,01,-1.19,01,9900.00,99,9900.00,99
1998,2,20,19,20,-.64,01,-.51,01,-1.19,01,9900.00,99,9900.00,99
1998,2,20,19,25,-.70,01,-.33,01,-1.19,01,9900.00,99,9900.00,99
1998,2,20,19,30,-.70,01,-.24,01,-1.21,01,9900.00,99,9900.00,99
1998,2,20,19,35,-.69,01,-.28,01,-1.19,01,9900.00,99,9900.00,99
1998,2,20,19,40,-.71,01,-.35,01,-1.19,01,9900.00,99,9900.00,99
1998,2,20,19,45,-.71,01,-.38,01,-1.19,01,9900.00,99,9900.00,99
1998,2,20,19,50,-.74,01,-.33,01,-1.19,01,9900.00,99,9900.00,99
1998,2,20,19,55,-.78,01,-.49,01,-1.19,01,9900.00,99,9900.00,99
1998,2,20,20,0,-.96,01,-.50,01,-1.19,01,9900.00,99,9900.00,99
1998,2,20,20,5,-1.02,01,-.33,01,-1.19,01,9900.00,99,9900.00,99
1998,2,20,20,10,-.91,01,-.39,01,-1.19,01,9900.00,99,9900.00,99
1998,2,20,20,15,-.80,01,-.58,01,-1.19,01,9900.00,99,9900.00,99
1998,2,20,20,20,-.75,01,-.69,01,-1.19,01,9900.00,99,9900.00,99
1998,2,20,20,25,-.74,01,-.70,01,-1.19,01,9900.00,99,9900.00,99
1998,2,20,20,30,-.69,01,-.70,01,-1.19,01,9900.00,99,9900.00,99
1998,2,20,20,35,-.71,01,-.67,01,-1.19,01,9900.00,99,9900.00,99
1998,2,20,20,40,-.70,01,-.71,01,-1.19,01,9900.00,99,9900.00,99
1998,2,20,20,45,-.65,01,-.66,01,-1.19,01,9900.00,99,9900.00,99
1998,2,20,20,50,-.68,01,-.57,01,-1.19,01,9900.00,99,9900.00,99
1998,2,20,20,55,-.68,01,-.55,01,-1.19,01,9900.00,99,9900.00,99
1998,2,20,21,0,-.70,01,-.55,01,-1.19,01,9900.00,99,9900.00,99
1998,2,20,21,5,-.96,01,-.42,01,-1.19,01,9900.00,99,9900.00,99
1998,2,20,21,10,-1.01,01,-.33,01,-1.21,01,9900.00,99,9900.00,99
1998,2,20,21,15,-1.08,01,-.35,01,-1.21,01,9900.00,99,9900.00,99
1998,2,20,21,20,-1.07,01,-.36,01,-1.21,01,9900.00,99,9900.00,99
1998,2,20,21,25,-1.05,01,-.37,01,-1.20,01,9900.00,99,9900.00,99
1998,2,20,21,30,-1.06,01,-.41,01,-1.21,01,9900.00,99,9900.00,99
1998,2,20,21,35,-1.05,01,-.39,01,-1.23,01,9900.00,99,9900.00,99
1998,2,20,21,40,-.99,01,-.43,01,-1.20,01,9900.00,99,9900.00,99
1998,2,20,21,45,-1.01,01,-.48,01,-1.22,01,9900.00,99,9900.00,99
1998,2,20,21,50,-.89,01,-.69,01,-1.21,01,9900.00,99,9900.00,99
1998,2,20,21,55,-.80,01,-.80,01,-1.21,01,9900.00,99,9900.00,99
1998,2,20,22,0,-.73,01,-.77,01,-1.19,01,9900.00,99,9900.00,99
1998,2,20,22,5,-.68,01,-.76,01,-1.19,01,9900.00,99,9900.00,99
1998,2,20,22,10,-.62,01,-.71,01,-1.19,01,9900.00,99,9900.00,99
1998,2,20,22,15,-.34,01,-.64,01,-1.17,01,9900.00,99,9900.00,99
1998,2,20,22,20,-.28,01,-.69,01,-1.15,01,9900.00,99,9900.00,99
1998,2,20,22,25,-.17,01,-.64,01,-1.12,01,9900.00,99,9900.00,99
1998,2,20,22,30,-.10,01,-.58,01,-1.09,01,9900.00,99,9900.00,99
1998,2,20,22,35,-.10,01,-.60,01,-1.01,01,9900.00,99,9900.00,99
1998,2,20,22,40,-.13,01,-.57,01,-1.01,01,9900.00,99,9900.00,99
1998,2,20,22,45,-.14,01,-.56,01,-1.04,01,9900.00,99,9900.00,99
1998,2,20,22,50,-.10,01,-.57,01,-1.03,01,9900.00,99,9900.00,99
1998,2,20,22,55,-.10,01,-.62,01,-1.08,01,9900.00,99,9900.00,99
1998,2,20,23,0,-.17,01,-.68,01,-1.10,01,9900.00,99,9900.00,99
1998,2,20,23,5,-.10,01,-.56,01,-1.17,01,9900.00,99,9900.00,99
1998,2,20,23,10,-.22,01,-.51,01,-1.18,01,9900.00,99,9900.00,99
1998,2,20,23,15,-.40,01,-.44,01,-1.17,01,9900.00,99,9900.00,99
1998,2,20,23,20,-.56,01,-.42,01,-1.19,01,9900.00,99,9900.00,99
1998,2,20,23,25,-.62,01,-.40,01,-1.19,01,9900.00,99,9900.00,99
1998,2,20,23,30,-.65,01,-.42,01,-1.19,01,9900.00,99,9900.00,99
1998,2,20,23,35,-.66,01,-.44,01,-1.19,01,9900.00,99,9900.00,99
1998,2,20,23,40,-.68,01,-.62,01,-1.19,01,9900.00,99,9900.00,99
1998,2,20,23,45,-.66,01,-.68,01,-1.19,01,9900.00,99,9900.00,99
1998,2,20,23,50,-.71,01,-.62,01,-1.19,01,9900.00,99,9900.00,99
1998,2,20,23,55,-.68,01,-.71,01,-1.19,01,9900.00,99,9900.00,99
1998,2,21,0,0,-.63,01,-.73,01,-1.19,01,9900.00,99,9900.00,99
1998,2,21,0,5,-.62,01,-.62,01,-1.19,01,9900.00,99,9900.00,99
1998,2,21,0,10,-.68,01,-.55,01,-1.19,01,9900.00,99,9900.00,99
1998,2,21,0,15,-.71,01,-.51,01,-1.19,01,9900.00,99,9900.00,99
1998,2,21,0,20,-.68,01,-.57,01,-1.19,01,9900.00,99,9900.00,99
1998,2,21,0,25,-.67,01,-.66,01,-1.19,01,9900.00,99,9900.00,99
1998,2,21,0,30,-.67,01,-.75,01,-1.19,01,9900.00,99,9900.00,99
1998,2,21,0,35,-.62,01,-.74,01,-1.19,01,9900.00,99,9900.00,99
1998,2,21,0,40,-.52,01,-.71,01,-1.19,01,9900.00,99,9900.00,99
1998,2,21,0,45,-.54,01,-.68,01,-1.19,01,9900.00,99,9900.00,99
1998,2,21,0,50,-.57,01,-.69,01,-1.19,01,9900.00,99,9900.00,99
1998,2,21,0,55,-.34,01,-.68,01,-1.13,01,9900.00,99,9900.00,99
1998,2,21,1,0,-.32,01,-.64,01,-1.10,01,9900.00,99,9900.00,99
1998,2,21,1,5,-.22,01,-.64,01,-1.15,01,9900.00,99,9900.00,99
1998,2,21,1,10,-.34,01,-.68,01,-1.15,01,9900.00,99,9900.00,99
1998,2,21,1,15,-.23,01,-.64,01,-1.14,01,9900.00,99,9900.00,99
1998,2,21,1,20,-.05,01,-.51,01,-1.05,01,9900.00,99,9900.00,99
1998,2,21,1,25,-.02,01,-.43,01,-.82,01,9900.00,99,9900.00,99
1998,2,21,1,30,-.02,01,-.40,01,-.78,01,9900.00,99,9900.00,99
1998,2,21,1,35,-.02,01,-.39,01,-.79,01,9900.00,99,9900.00,99
1998,2,21,1,40,0.00,01,-.41,01,-.80,01,9900.00,99,9900.00,99
1998,2,21,1,45,-.02,01,-.48,01,-1.00,01,9900.00,99,9900.00,99
1998,2,21,1,50,-.01,01,-.46,01,-.90,01,9900.00,99,9900.00,99
1998,2,21,1,55,.01,01,-.39,01,-.77,01,9900.00,99,9900.00,99
1998,2,21,2,0,.02,01,-.35,01,-.73,01,9900.00,99,9900.00,99
1998,2,21,2,5,-.72,01,-.58,01,-1.56,01,9900.00,99,9900.00,99
1998,2,21,2,10,-.87,01,-.53,01,-1.55,01,9900.00,99,9900.00,99
1998,2,21,2,15,-.07,01,-.46,01,-.99,01,9900.00,99,9900.00,99
1998,2,21,2,20,-.75,01,-.42,01,-1.27,01,9900.00,99,9900.00,99
1998,2,21,2,25,-.73,01,-.38,01,-1.42,01,9900.00,99,9900.00,99
1998,2,21,2,30,-.52,01,-.39,01,-1.36,01,9900.00,99,9900.00,99
1998,2,21,2,35,-.02,01,-.37,01,-.89,01,9900.00,99,9900.00,99
1998,2,21,2,40,.08,01,-.28,01,-.62,01,9900.00,99,9900.00,99
1998,2,21,2,45,.13,01,-.31,01,-.42,01,9900.00,99,9900.00,99
1998,2,21,2,50,.02,01,-.33,01,-.76,01,9900.00,99,9900.00,99
1998,2,21,2,55,-.02,01,-.37,01,-.85,01,9900.00,99,9900.00,99
1998,2,21,3,0,-1.33,01,-.55,01,-1.99,01,9900.00,99,9900.00,99
1998,2,21,3,5,-1.82,01,-.64,01,-2.60,01,9900.00,99,9900.00,99
1998,2,21,3,10,-2.57,01,-.52,01,-3.13,01,9900.00,99,9900.00,99
1998,2,21,3,15,-2.35,01,-.46,01,-3.00,01,9900.00,99,9900.00,99
1998,2,21,3,20,-2.10,01,-.11,01,-2.78,01,9900.00,99,9900.00,99
1998,2,21,3,25,-1.60,01,-.03,01,-2.53,01,9900.00,99,9900.00,99
1998,2,21,3,30,-1.10,01,-.01,01,-1.97,01,9900.00,99,9900.00,99
1998,2,21,3,35,-.98,01,-.03,01,-1.75,01,9900.00,99,9900.00,99
1998,2,21,3,40,-.95,01,-.06,01,-1.59,01,9900.00,99,9900.00,99
1998,2,21,3,45,-.96,01,-.02,01,-1.56,01,9900.00,99,9900.00,99
1998,2,21,3,50,-.96,01,-.01,01,-1.63,01,9900.00,99,9900.00,99
1998,2,21,3,55,-.90,01,-.50,01,-1.43,01,9900.00,99,9900.00,99
1998,2,21,4,0,-.73,01,-.64,01,-1.25,01,9900.00,99,9900.00,99
1998,2,21,4,5,-.68,01,-.49,01,-1.19,01,9900.00,99,9900.00,99
1998,2,21,4,10,-.52,01,-.24,01,-.91,01,9900.00,99,9900.00,99
1998,2,21,4,15,-.10,01,-.21,01,-.72,01,9900.00,99,9900.00,99
1998,2,21,4,20,.07,01,-.19,01,-.42,01,9900.00,99,9900.00,99
1998,2,21,4,25,.31,01,-.28,01,-.32,01,9900.00,99,9900.00,99
1998,2,21,4,30,.58,01,-.25,01,-.16,01,9900.00,99,9900.00,99
1998,2,21,4,35,.56,01,-.25,01,-.15,01,9900.00,99,9900.00,99
1998,2,21,4,40,.53,01,-.22,01,-.23,01,9900.00,99,9900.00,99
1998,2,21,4,45,.38,01,-.30,01,-.30,01,9900.00,99,9900.00,99
1998,2,21,4,50,.24,01,-.29,01,-.40,01,9900.00,99,9900.00,99
1998,2,21,4,55,.09,01,-.32,01,-.54,01,9900.00,99,9900.00,99
1998,2,21,5,0,.21,01,-.33,01,-.42,01,9900.00,99,9900.00,99
1998,2,21,5,5,.24,01,-.34,01,-.41,01,9900.00,99,9900.00,99
1998,2,21,5,10,.26,01,-.33,01,-.42,01,9900.00,99,9900.00,99
1998,2,21,5,15,.13,01,-.34,01,-.43,01,9900.00,99,9900.00,99
1998,2,21,5,20,.11,01,-.33,01,-.42,01,9900.00,99,9900.00,99
1998,2,21,5,25,.10,01,-.30,01,-.42,01,9900.00,99,9900.00,99
1998,2,21,5,30,.09,01,-.34,01,-.51,01,9900.00,99,9900.00,99
1998,2,21,5,35,.01,01,-.39,01,-.52,01,9900.00,99,9900.00,99
1998,2,21,5,40,.02,01,-.35,01,-.58,01,9900.00,99,9900.00,99
1998,2,21,5,45,.07,01,-.37,01,-.62,01,9900.00,99,9900.00,99
1998,2,21,5,50,.04,01,-.37,01,-.59,01,9900.00,99,9900.00,99
1998,2,21,5,55,.03,01,-.37,01,-.61,01,9900.00,99,9900.00,99
1998,2,21,6,0,.05,01,-.32,01,-.64,01,9900.00,99,9900.00,99
1998,2,21,6,5,.02,01,-.35,01,-.67,01,9900.00,99,9900.00,99
1998,2,21,6,10,-.36,01,-.33,01,-1.09,01,9900.00,99,9900.00,99
1998,2,21,6,15,-.25,01,-.39,01,-1.19,01,9900.00,99,9900.00,99
1998,2,21,6,20,-.35,01,-.42,01,-1.18,01,9900.00,99,9900.00,99
1998,2,21,6,25,-.30,01,-.41,01,-1.16,01,9900.00,99,9900.00,99
1998,2,21,6,30,-.03,01,-.41,01,-.82,01,9900.00,99,9900.00,99
1998,2,21,6,35,.05,01,-.36,01,-.56,01,9900.00,99,9900.00,99
1998,2,21,6,40,.05,01,-.35,01,-.52,01,9900.00,99,9900.00,99
1998,2,21,6,45,.09,01,-.36,01,-.43,01,9900.00,99,9900.00,99
1998,2,21,6,50,.16,01,-.33,01,-.41,01,9900.00,99,9900.00,99
1998,2,21,6,55,.22,01,-.34,01,-.38,01,9900.00,99,9900.00,99
1998,2,21,7,0,.35,01,-.40,01,-.36,01,9900.00,99,9900.00,99
1998,2,21,7,5,.55,01,-.38,01,-.19,01,9900.00,99,9900.00,99
1998,2,21,7,10,.68,01,-.41,01,-.03,01,9900.00,99,9900.00,99
1998,2,21,7,15,.81,01,-.35,01,.07,01,9900.00,99,9900.00,99
1998,2,21,7,20,.99,01,-.36,01,.35,01,9900.00,99,9900.00,99
1998,2,21,7,25,1.32,01,-.45,01,.82,01,9900.00,99,9900.00,99
1998,2,21,7,30,1.71,01,-.43,01,1.20,01,9900.00,99,9900.00,99
1998,2,21,7,35,5.76,01,-.38,01,5.67,01,9900.00,99,9900.00,99
1998,2,21,7,40,5.71,01,-.43,01,5.32,01,9900.00,99,9900.00,99
1998,2,21,7,45,5.22,01,-.38,01,4.99,01,9900.00,99,9900.00,99
1998,2,21,7,50,4.24,01,-.33,01,3.87,01,9900.00,99,9900.00,99
1998,2,21,7,55,6.43,01,-.35,01,6.24,01,9900.00,99,9900.00,99
1998,2,21,8,0,8.28,01,-.35,01,7.45,01,9900.00,99,9900.00,99
1998,2,21,8,5,7.00,01,-.28,01,6.85,01,9900.00,99,9900.00,99
1998,2,21,8,10,8.24,09,-.24,09,7.44,09,9900.00,99,9900.00,99
1998,2,21,8,15,11.68,09,-.14,09,10.72,09,9900.00,99,9900.00,99
1998,2,21,8,20,11.82,09,-.10,09,11.03,09,9900.00,99,9900.00,99
1998,2,21,8,25,12.52,09,-.11,09,11.47,09,9900.00,99,9900.00,99
1998,2,21,8,30,20.29,09,-.17,09,18.79,09,9900.00,99,9900.00,99
1998,2,21,8,35,20.69,09,-.24,09,19.00,09,9900.00,99,9900.00,99
1998,2,21,8,40,30.62,09,-.33,09,28.84,09,9900.00,99,9900.00,99
1998,2,21,8,45,35.09,03,-.30,03,32.68,03,9900.00,99,9900.00,99
1998,2,21,8,50,33.04,09,-.17,09,30.81,09,9900.00,99,9900.00,99
1998,2,21,8,55,27.43,09,-.18,09,25.40,09,9900.00,99,9900.00,99
1998,2,21,9,0,28.96,09,-.34,09,27.02,09,9900.00,99,9900.00,99
1998,2,21,9,5,25.34,09,-.33,09,23.78,09,9900.00,99,9900.00,99
1998,2,21,9,10,54.69,03,-.25,03,52.36,03,9900.00,99,9900.00,99
1998,2,21,9,15,66.79,03,-.63,03,63.64,03,9900.00,99,9900.00,99
1998,2,21,9,20,71.17,03,-.40,03,68.04,03,9900.00,99,9900.00,99
1998,2,21,9,25,73.76,03,-.41,03,69.96,03,9900.00,99,9900.00,99
1998,2,21,9,30,84.60,03,-.39,03,81.48,03,9900.00,99,9900.00,99
1998,2,21,9,35,78.69,03,-.33,03,75.31,03,9900.00,99,9900.00,99
1998,2,21,9,40,82.42,03,-.34,03,78.83,03,9900.00,99,9900.00,99
1998,2,21,9,45,76.43,03,-.50,03,72.99,03,9900.00,99,9900.00,99
1998,2,21,9,50,81.27,03,-.64,03,78.02,03,9900.00,99,9900.00,99
1998,2,21,9,55,66.03,03,-.60,03,61.99,03,9900.00,99,9900.00,99
1998,2,21,10,0,38.96,03,-.61,03,36.13,03,9900.00,99,9900.00,99
1998,2,21,10,5,46.06,03,-.52,03,43.88,03,9900.00,99,9900.00,99
1998,2,21,10,10,37.65,03,-.57,03,35.62,03,9900.00,99,9900.00,99
1998,2,21,10,15,49.28,03,-.44,03,46.94,03,9900.00,99,9900.00,99
1998,2,21,10,20,59.76,03,-.63,03,56.80,03,9900.00,99,9900.00,99
1998,2,21,10,25,64.66,03,-.41,03,60.60,03,9900.00,99,9900.00,99
1998,2,21,10,30,77.14,03,-.46,03,73.77,03,9900.00,99,9900.00,99
1998,2,21,10,35,103.12,03,-.48,03,99.43,03,9900.00,99,9900.00,99
1998,2,21,10,40,127.05,03,-.38,03,122.73,03,9900.00,99,9900.00,99
1998,2,21,10,45,168.33,03,-.23,03,162.45,03,9900.00,99,9900.00,99
1998,2,21,10,50,176.02,03,-.21,03,169.90,03,9900.00,99,9900.00,99
1998,2,21,10,55,173.22,03,-.26,03,167.71,03,9900.00,99,9900.00,99
1998,2,21,11,0,227.34,03,-.23,03,219.23,03,9900.00,99,9900.00,99
1998,2,21,11,5,202.93,03,-.16,03,194.05,03,9900.00,99,9900.00,99
1998,2,21,11,10,146.91,03,0.00,03,140.68,03,9900.00,99,9900.00,99
1998,2,21,11,15,119.27,03,-.14,03,114.61,03,9900.00,99,9900.00,99
1998,2,21,11,20,88.72,03,-.23,03,84.72,03,9900.00,99,9900.00,99
1998,2,21,11,25,69.45,03,-.17,03,65.69,03,9900.00,99,9900.00,99
1998,2,21,11,30,67.87,03,-.21,03,64.27,03,9900.00,99,9900.00,99
1998,2,21,11,35,85.95,03,-.16,03,83.17,03,9900.00,99,9900.00,99
1998,2,21,11,40,105.78,03,-.14,03,101.59,03,9900.00,99,9900.00,99
1998,2,21,11,45,127.89,03,-.10,03,122.81,03,9900.00,99,9900.00,99
1998,2,21,11,50,134.83,03,-.01,03,130.51,03,9900.00,99,9900.00,99
1998,2,21,11,55,115.88,03,-.06,03,110.82,03,9900.00,99,9900.00,99
1998,2,21,12,0,116.76,03,-.04,03,111.10,03,9900.00,99,9900.00,99
1998,2,21,12,5,142.74,03,-.05,03,136.98,03,9900.00,99,9900.00,99
1998,2,21,12,10,152.26,03,0.00,03,146.16,03,9900.00,99,9900.00,99
1998,2,21,12,15,147.25,03,-.08,03,141.80,03,9900.00,99,9900.00,99
1998,2,21,12,20,139.93,03,-.05,03,131.79,03,9900.00,99,9900.00,99
1998,2,21,12,25,190.41,03,-.03,03,180.38,03,9900.00,99,9900.00,99
1998,2,21,12,30,137.06,03,.03,03,131.37,03,9900.00,99,9900.00,99
1998,2,21,12,35,140.12,03,-.10,03,135.33,03,9900.00,99,9900.00,99
1998,2,21,12,40,131.60,03,-.12,03,125.90,03,9900.00,99,9900.00,99
1998,2,21,12,45,106.44,03,-.20,03,100.38,03,9900.00,99,9900.00,99
1998,2,21,12,50,78.05,03,-.19,03,73.77,03,9900.00,99,9900.00,99
1998,2,21,12,55,104.19,03,-.35,03,98.52,03,9900.00,99,9900.00,99
1998,2,21,13,0,105.20,03,-.26,03,101.02,03,9900.00,99,9900.00,99
1998,2,21,13,5,95.23,03,-.30,03,90.03,03,9900.00,99,9900.00,99
1998,2,21,13,10,81.88,03,-.20,03,76.80,03,9900.00,99,9900.00,99
1998,2,21,13,15,66.17,03,-.25,03,63.39,03,9900.00,99,9900.00,99
1998,2,21,13,20,54.65,03,-.26,03,51.52,03,9900.00,99,9900.00,99
1998,2,21,13,25,77.54,03,-.26,03,74.16,03,9900.00,99,9900.00,99
1998,2,21,13,30,78.41,03,-.17,03,75.20,03,9900.00,99,9900.00,99
1998,2,21,13,35,77.08,03,-.14,03,74.22,03,9900.00,99,9900.00,99
1998,2,21,13,40,104.84,03,-.14,03,101.73,03,9900.00,99,9900.00,99
1998,2,21,13,45,134.23,03,-.08,03,129.89,03,9900.00,99,9900.00,99
1998,2,21,13,50,144.72,03,.03,03,138.94,03,9900.00,99,9900.00,99
1998,2,21,13,55,140.90,03,-.04,03,135.15,03,9900.00,99,9900.00,99
1998,2,21,14,0,134.82,03,-.05,03,128.14,03,9900.00,99,9900.00,99
1998,2,21,14,5,161.31,03,.05,03,154.09,03,9900.00,99,9900.00,99
1998,2,21,14,10,178.31,03,.19,03,169.25,03,9900.00,99,9900.00,99
1998,2,21,14,15,208.96,03,.23,03,199.80,03,9900.00,99,9900.00,99
1998,2,21,14,20,199.58,03,.34,03,191.46,03,9900.00,99,9900.00,99
1998,2,21,14,25,228.10,03,.30,03,219.34,03,9900.00,99,9900.00,99
1998,2,21,14,30,228.50,03,.38,03,222.44,03,9900.00,99,9900.00,99
1998,2,21,14,35,168.55,03,.33,03,163.32,03,9900.00,99,9900.00,99
1998,2,21,14,40,155.48,03,.15,03,150.20,03,9900.00,99,9900.00,99
1998,2,21,14,45,136.55,03,.09,03,130.98,03,9900.00,99,9900.00,99
1998,2,21,14,50,165.82,03,.03,03,160.66,03,9900.00,99,9900.00,99
1998,2,21,14,55,115.35,03,.05,03,109.33,03,9900.00,99,9900.00,99
1998,2,21,15,0,106.69,03,-.03,03,102.26,03,9900.00,99,9900.00,99
1998,2,21,15,5,124.70,03,0.00,03,118.94,03,9900.00,99,9900.00,99
1998,2,21,15,10,161.75,03,.14,03,151.81,03,9900.00,99,9900.00,99
1998,2,21,15,15,210.04,03,.44,03,198.37,03,9900.00,99,9900.00,99
1998,2,21,15,20,178.08,03,.44,03,169.78,03,9900.00,99,9900.00,99
1998,2,21,15,25,164.31,03,.32,03,157.72,03,9900.00,99,9900.00,99
1998,2,21,15,30,151.71,03,.14,03,146.59,03,9900.00,99,9900.00,99
1998,2,21,15,35,101.04,03,.03,03,94.48,03,9900.00,99,9900.00,99
1998,2,21,15,40,68.15,03,-.24,03,62.55,03,9900.00,99,9900.00,99
1998,2,21,15,45,54.92,03,-.49,03,50.71,03,9900.00,99,9900.00,99
1998,2,21,15,50,43.94,03,-.46,03,40.69,03,9900.00,99,9900.00,99
1998,2,21,15,55,37.02,09,-.50,09,34.46,09,9900.00,99,9900.00,99
1998,2,21,16,0,32.14,09,-.41,09,29.66,09,9900.00,99,9900.00,99
1998,2,21,16,5,32.26,09,-.41,09,30.11,09,9900.00,99,9900.00,99
1998,2,21,16,10,32.00,09,-.39,09,29.83,09,9900.00,99,9900.00,99
1998,2,21,16,15,39.70,09,-.35,09,37.28,09,9900.00,99,9900.00,99
1998,2,21,16,20,40.68,03,-.26,03,38.19,03,9900.00,99,9900.00,99
1998,2,21,16,25,31.56,09,-.30,09,29.16,09,9900.00,99,9900.00,99
1998,2,21,16,30,25.58,09,-.30,09,23.36,09,9900.00,99,9900.00,99
1998,2,21,16,35,52.12,03,-.33,03,49.81,03,9900.00,99,9900.00,99
1998,2,21,16,40,79.76,03,-.12,03,76.75,03,9900.00,99,9900.00,99
1998,2,21,16,45,56.74,03,-.08,03,53.90,03,9900.00,99,9900.00,99
1998,2,21,16,50,57.38,03,-.26,03,55.29,03,9900.00,99,9900.00,99
1998,2,21,16,55,55.60,03,-.26,03,53.48,03,9900.00,99,9900.00,99
1998,2,21,17,0,46.37,03,-.22,03,44.12,03,9900.00,99,9900.00,99
1998,2,21,17,5,34.49,03,-.28,03,32.44,03,9900.00,99,9900.00,99
1998,2,21,17,10,30.31,03,-.33,03,28.70,03,9900.00,99,9900.00,99
1998,2,21,17,15,28.07,01,-.29,01,26.44,01,9900.00,99,9900.00,99
1998,2,21,17,20,21.57,01,-.33,01,20.25,01,9900.00,99,9900.00,99
1998,2,21,17,25,13.64,01,-.32,01,12.44,01,9900.00,99,9900.00,99
1998,2,21,17,30,9.20,01,-.35,01,8.66,01,9900.00,99,9900.00,99
1998,2,21,17,35,8.82,01,-.42,01,8.41,01,9900.00,99,9900.00,99
1998,2,21,17,40,8.67,01,-.44,01,8.21,01,9900.00,99,9900.00,99
1998,2,21,17,45,9.12,01,-.59,01,8.66,01,9900.00,99,9900.00,99
1998,2,21,17,50,8.94,01,-.55,01,8.58,01,9900.00,99,9900.00,99
1998,2,21,17,55,6.75,01,-.43,01,6.13,01,9900.00,99,9900.00,99
1998,2,21,18,0,4.75,01,-.44,01,4.58,01,9900.00,99,9900.00,99
1998,2,21,18,5,3.05,01,-.46,01,3.04,01,9900.00,99,9900.00,99
1998,2,21,18,10,2.58,01,-.47,01,2.27,01,9900.00,99,9900.00,99
1998,2,21,18,15,1.26,01,-.47,01,1.05,01,9900.00,99,9900.00,99
1998,2,21,18,20,.32,01,-.45,01,-.01,01,9900.00,99,9900.00,99
1998,2,21,18,25,-.05,01,-.44,01,-.51,01,9900.00,99,9900.00,99
1998,2,21,18,30,-.22,01,-.46,01,-.77,01,9900.00,99,9900.00,99
1998,2,21,18,35,-.15,01,-.44,01,-.73,01,9900.00,99,9900.00,99
1998,2,21,18,40,-.19,01,-.46,01,-.78,01,9900.00,99,9900.00,99
1998,2,21,18,45,-.12,01,-.44,01,-.62,01,9900.00,99,9900.00,99
1998,2,21,18,50,-.09,01,-.44,01,-.63,01,9900.00,99,9900.00,99
1998,2,21,18,55,-.09,01,-.40,01,-.57,01,9900.00,99,9900.00,99
1998,2,21,19,0,-.04,01,-.41,01,-.46,01,9900.00,99,9900.00,99
1998,2,21,19,5,-.01,01,-.41,01,-.40,01,9900.00,99,9900.00,99
1998,2,21,19,10,-.02,01,-.38,01,-.44,01,9900.00,99,9900.00,99
1998,2,21,19,15,-.04,01,-.39,01,-.50,01,9900.00,99,9900.00,99
1998,2,21,19,20,-.02,01,-.38,01,-.50,01,9900.00,99,9900.00,99
1998,2,21,19,25,-.04,01,-.40,01,-.64,01,9900.00,99,9900.00,99
1998,2,21,19,30,-.05,01,-.41,01,-.48,01,9900.00,99,9900.00,99
1998,2,21,19,35,-.16,01,-.43,01,-.71,01,9900.00,99,9900.00,99
1998,2,21,19,40,-.29,01,-.50,01,-.80,01,9900.00,99,9900.00,99
1998,2,21,19,45,-.20,01,-.45,01,-.76,01,9900.00,99,9900.00,99
1998,2,21,19,50,-.18,01,-.41,01,-.76,01,9900.00,99,9900.00,99
1998,2,21,19,55,-.52,01,-.45,01,-.94,01,9900.00,99,9900.00,99
1998,2,21,20,0,-.69,01,-.46,01,-1.15,01,9900.00,99,9900.00,99
1998,2,21,20,5,-.68,01,-.45,01,-1.09,01,9900.00,99,9900.00,99
1998,2,21,20,10,-.61,01,-.44,01,-.95,01,9900.00,99,9900.00,99
1998,2,21,20,15,-.65,01,-.42,01,-.98,01,9900.00,99,9900.00,99
1998,2,21,20,20,-.55,01,-.42,01,-.97,01,9900.00,99,9900.00,99
1998,2,21,20,25,-.38,01,-.42,01,-.80,01,9900.00,99,9900.00,99
1998,2,21,20,30,-.04,01,-.39,01,-.53,01,9900.00,99,9900.00,99
1998,2,21,20,35,-.05,01,-.38,01,-.49,01,9900.00,99,9900.00,99
1998,2,21,20,40,-.26,01,-.42,01,-.74,01,9900.00,99,9900.00,99
1998,2,21,20,45,-.36,01,-.48,01,-.83,01,9900.00,99,9900.00,99
1998,2,21,20,50,-.69,01,-.51,01,-1.15,01,9900.00,99,9900.00,99
1998,2,21,20,55,-.82,01,-.53,01,-1.17,01,9900.00,99,9900.00,99
1998,2,21,21,0,-1.19,01,-.60,01,-1.48,01,9900.00,99,9900.00,99
1998,2,21,21,5,-1.60,01,-.59,01,-1.99,01,9900.00,99,9900.00,99
1998,2,21,21,10,-2.52,01,-.73,01,-2.74,01,9900.00,99,9900.00,99
1998,2,21,21,15,-2.93,01,-.80,01,-3.12,01,9900.00,99,9900.00,99
1998,2,21,21,20,-2.91,01,-.78,01,-3.03,01,9900.00,99,9900.00,99
1998,2,21,21,25,-3.27,01,-.86,01,-3.45,01,9900.00,99,9900.00,99
1998,2,21,21,30,-3.70,01,-.90,01,-3.68,01,9900.00,99,9900.00,99
1998,2,21,21,35,-3.54,01,-.82,01,-3.56,01,9900.00,99,9900.00,99
1998,2,21,21,40,-3.11,01,-.63,01,-3.35,01,9900.00,99,9900.00,99
1998,2,21,21,45,-3.08,01,-.62,01,-3.28,01,9900.00,99,9900.00,99
1998,2,21,21,50,-3.70,01,-.80,01,-3.61,01,9900.00,99,9900.00,99
1998,2,21,21,55,-4.22,01,-1.01,01,-4.14,01,9900.00,99,9900.00,99
1998,2,21,22,0,-3.83,01,-1.08,01,-3.82,01,9900.00,99,9900.00,99
1998,2,21,22,5,-3.08,01,-.98,01,-3.20,01,9900.00,99,9900.00,99
1998,2,21,22,10,-2.49,01,-.82,01,-2.72,01,9900.00,99,9900.00,99
1998,2,21,22,15,-2.18,01,-.68,01,-2.32,01,9900.00,99,9900.00,99
1998,2,21,22,20,-2.21,01,-.59,01,-2.45,01,9900.00,99,9900.00,99
1998,2,21,22,25,-2.27,01,-.57,01,-2.40,01,9900.00,99,9900.00,99
1998,2,21,22,30,-2.81,01,-.59,01,-2.82,01,9900.00,99,9900.00,99
1998,2,21,22,35,-2.93,01,-.72,01,-3.06,01,9900.00,99,9900.00,99
1998,2,21,22,40,-2.93,01,-.71,01,-2.97,01,9900.00,99,9900.00,99
1998,2,21,22,45,-2.93,01,-.85,01,-3.17,01,9900.00,99,9900.00,99
1998,2,21,22,50,-2.95,01,-.89,01,-3.25,01,9900.00,99,9900.00,99
1998,2,21,22,55,-3.02,01,-.93,01,-3.38,01,9900.00,99,9900.00,99
1998,2,21,23,0,-2.90,01,-.86,01,-3.09,01,9900.00,99,9900.00,99
1998,2,21,23,5,-1.83,01,-.60,01,-2.15,01,9900.00,99,9900.00,99
1998,2,21,23,10,-1.08,01,-.50,01,-1.26,01,9900.00,99,9900.00,99
1998,2,21,23,15,-.65,01,-.30,01,-1.09,01,9900.00,99,9900.00,99
1998,2,21,23,20,-.42,01,-.26,01,-.89,01,9900.00,99,9900.00,99
1998,2,21,23,25,-.71,01,-.28,01,-1.17,01,9900.00,99,9900.00,99
1998,2,21,23,30,-.66,01,-.37,01,-1.15,01,9900.00,99,9900.00,99
1998,2,21,23,35,-.53,01,-.33,01,-1.01,01,9900.00,99,9900.00,99
1998,2,21,23,40,-.14,01,-.29,01,-.82,01,9900.00,99,9900.00,99
1998,2,21,23,45,-.26,01,-.30,01,-.91,01,9900.00,99,9900.00,99
1998,2,21,23,50,-.16,01,-.31,01,-.81,01,9900.00,99,9900.00,99
1998,2,21,23,55,-.05,01,-.40,01,-.75,01,9900.00,99,9900.00,99
1998,2,22,0,0,-.51,01,-.40,01,-1.04,01,9900.00,99,9900.00,99
1998,2,22,0,5,-.17,01,-.42,01,-.89,01,9900.00,99,9900.00,99
1998,2,22,0,10,-.06,01,-.37,01,-.76,01,9900.00,99,9900.00,99
1998,2,22,0,15,-.11,01,-.33,01,-.89,01,9900.00,99,9900.00,99
1998,2,22,0,20,-.21,01,-.36,01,-.99,01,9900.00,99,9900.00,99
1998,2,22,0,25,-.54,01,-.35,01,-1.11,01,9900.00,99,9900.00,99
1998,2,22,0,30,-.06,01,-.25,01,-.65,01,9900.00,99,9900.00,99
1998,2,22,0,35,-.04,01,-.27,01,-.64,01,9900.00,99,9900.00,99
1998,2,22,0,40,-.05,01,-.25,01,-.62,01,9900.00,99,9900.00,99
1998,2,22,0,45,-.07,01,-.32,01,-.82,01,9900.00,99,9900.00,99
1998,2,22,0,50,-.42,01,-.42,01,-.99,01,9900.00,99,9900.00,99
1998,2,22,0,55,-.46,01,-.48,01,-1.03,01,9900.00,99,9900.00,99
1998,2,22,1,0,-.32,01,-.45,01,-.97,01,9900.00,99,9900.00,99
1998,2,22,1,5,-.16,01,-.42,01,-.86,01,9900.00,99,9900.00,99
1998,2,22,1,10,-.33,01,-.39,01,-.93,01,9900.00,99,9900.00,99
1998,2,22,1,15,-.71,01,-.37,01,-1.19,01,9900.00,99,9900.00,99
1998,2,22,1,20,-.19,01,-.33,01,-.89,01,9900.00,99,9900.00,99
1998,2,22,1,25,-.05,01,-.26,01,-.76,01,9900.00,99,9900.00,99
1998,2,22,1,30,.04,01,-.30,01,-.50,01,9900.00,99,9900.00,99
1998,2,22,1,35,.04,01,-.23,01,-.32,01,9900.00,99,9900.00,99
1998,2,22,1,40,.05,01,-.28,01,-.30,01,9900.00,99,9900.00,99
1998,2,22,1,45,.05,01,-.25,01,-.34,01,9900.00,99,9900.00,99
1998,2,22,1,50,.07,01,-.23,01,-.28,01,9900.00,99,9900.00,99
1998,2,22,1,55,.04,01,-.21,01,-.30,01,9900.00,99,9900.00,99
1998,2,22,2,0,.02,01,-.25,01,-.42,01,9900.00,99,9900.00,99
1998,2,22,2,5,.01,01,-.30,01,-.61,01,9900.00,99,9900.00,99
1998,2,22,2,10,-.01,01,-.31,01,-.78,01,9900.00,99,9900.00,99
1998,2,22,2,15,-.05,01,-.30,01,-.80,01,9900.00,99,9900.00,99
1998,2,22,2,20,-.15,01,-.38,01,-.95,01,9900.00,99,9900.00,99
1998,2,22,2,25,-.07,01,-.32,01,-.87,01,9900.00,99,9900.00,99
1998,2,22,2,30,-.05,01,-.31,01,-.81,01,9900.00,99,9900.00,99
1998,2,22,2,35,-.07,01,-.32,01,-.79,01,9900.00,99,9900.00,99
1998,2,22,2,40,-.07,01,-.35,01,-.83,01,9900.00,99,9900.00,99
1998,2,22,2,45,-.43,01,-.42,01,-1.10,01,9900.00,99,9900.00,99
1998,2,22,2,50,-.62,01,-.46,01,-1.17,01,9900.00,99,9900.00,99
1998,2,22,2,55,-.65,01,-.49,01,-1.15,01,9900.00,99,9900.00,99
1998,2,22,3,0,-.59,01,-.45,01,-1.17,01,9900.00,99,9900.00,99
1998,2,22,3,5,-.74,01,-.41,01,-1.20,01,9900.00,99,9900.00,99
1998,2,22,3,10,-1.06,01,-.46,01,-1.62,01,9900.00,99,9900.00,99
1998,2,22,3,15,-1.08,01,-.41,01,-1.58,01,9900.00,99,9900.00,99
1998,2,22,3,20,-1.10,01,-.31,01,-1.72,01,9900.00,99,9900.00,99
1998,2,22,3,25,-.94,01,-.45,01,-1.30,01,9900.00,99,9900.00,99
1998,2,22,3,30,-.73,01,-.38,01,-1.19,01,9900.00,99,9900.00,99
1998,2,22,3,35,-.62,01,-.40,01,-1.17,01,9900.00,99,9900.00,99
1998,2,22,3,40,-.66,01,-.41,01,-1.19,01,9900.00,99,9900.00,99
1998,2,22,3,45,-1.04,01,-.41,01,-1.41,01,9900.00,99,9900.00,99
1998,2,22,3,50,-1.87,01,-.44,01,-2.36,01,9900.00,99,9900.00,99
1998,2,22,3,55,-2.50,01,-.42,01,-2.84,01,9900.00,99,9900.00,99
1998,2,22,4,0,-2.66,01,-.28,01,-2.93,01,9900.00,99,9900.00,99
1998,2,22,4,5,-2.61,01,-.23,01,-2.82,01,9900.00,99,9900.00,99
1998,2,22,4,10,-2.61,01,-.28,01,-2.82,01,9900.00,99,9900.00,99
1998,2,22,4,15,-2.49,01,-.24,01,-2.81,01,9900.00,99,9900.00,99
1998,2,22,4,20,-2.91,01,-.24,01,-3.15,01,9900.00,99,9900.00,99
1998,2,22,4,25,-2.93,01,-.21,01,-3.35,01,9900.00,99,9900.00,99
1998,2,22,4,30,-3.14,01,-.19,01,-3.54,01,9900.00,99,9900.00,99
1998,2,22,4,35,-4.11,01,-.27,01,-4.58,01,9900.00,99,9900.00,99
1998,2,22,4,40,-4.22,01,-.33,01,-4.62,01,9900.00,99,9900.00,99
1998,2,22,4,45,-3.76,01,-.15,01,-4.17,01,9900.00,99,9900.00,99
1998,2,22,4,50,-3.65,01,-.07,01,-3.88,01,9900.00,99,9900.00,99
1998,2,22,4,55,-4.24,01,-.09,01,-4.40,01,9900.00,99,9900.00,99
1998,2,22,5,0,-3.73,01,-.02,01,-4.09,01,9900.00,99,9900.00,99
1998,2,22,5,5,-3.99,01,-.06,01,-4.41,01,9900.00,99,9900.00,99
1998,2,22,5,10,-3.33,01,.01,01,-3.80,01,9900.00,99,9900.00,99
1998,2,22,5,15,-3.02,01,.12,01,-3.31,01,9900.00,99,9900.00,99
1998,2,22,5,20,-1.71,01,.17,01,-1.96,01,9900.00,99,9900.00,99
1998,2,22,5,25,-.32,01,-.01,01,-.95,01,9900.00,99,9900.00,99
1998,2,22,5,30,-.42,01,-.22,01,-1.12,01,9900.00,99,9900.00,99
1998,2,22,5,35,-.69,01,-.32,01,-1.19,01,9900.00,99,9900.00,99
1998,2,22,5,40,-.76,01,-.29,01,-1.23,01,9900.00,99,9900.00,99
1998,2,22,5,45,-.67,01,-.19,01,-1.20,01,9900.00,99,9900.00,99
1998,2,22,5,50,-.24,01,-.12,01,-.99,01,9900.00,99,9900.00,99
1998,2,22,5,55,-.07,01,-.06,01,-.86,01,9900.00,99,9900.00,99
1998,2,22,6,0,-.48,01,-.10,01,-1.15,01,9900.00,99,9900.00,99
1998,2,22,6,5,-1.03,01,-.15,01,-1.60,01,9900.00,99,9900.00,99
1998,2,22,6,10,-1.88,01,-.14,01,-2.58,01,9900.00,99,9900.00,99
1998,2,22,6,15,-2.57,01,-.19,01,-3.01,01,9900.00,99,9900.00,99
1998,2,22,6,20,-2.87,01,-.14,01,-3.27,01,9900.00,99,9900.00,99
1998,2,22,6,25,-3.31,01,-.15,01,-3.95,01,9900.00,99,9900.00,99
1998,2,22,6,30,-3.46,01,-.04,01,-4.34,01,9900.00,99,9900.00,99
1998,2,22,6,35,-3.35,01,.06,01,-4.38,01,9900.00,99,9900.00,99
1998,2,22,6,40,-3.21,01,.10,01,-4.66,01,9900.00,99,9900.00,99
1998,2,22,6,45,-2.82,01,.15,01,-3.80,01,9900.00,99,9900.00,99
1998,2,22,6,50,-2.35,01,.16,01,-3.53,01,9900.00,99,9900.00,99
1998,2,22,6,55,-2.18,01,.32,01,-3.21,01,9900.00,99,9900.00,99
1998,2,22,7,0,-1.30,01,.10,01,-2.44,01,9900.00,99,9900.00,99
1998,2,22,7,5,-.68,01,.06,01,-1.99,01,9900.00,99,9900.00,99
1998,2,22,7,10,2.52,01,-.03,01,1.15,01,9900.00,99,9900.00,99
1998,2,22,7,15,8.94,01,-.06,01,7.86,01,9900.00,99,9900.00,99
1998,2,22,7,20,18.88,01,.01,01,17.89,01,9900.00,99,9900.00,99
1998,2,22,7,25,30.61,01,-.02,01,28.63,01,9900.00,99,9900.00,99
1998,2,22,7,30,49.20,01,.01,01,45.54,01,9900.00,99,9900.00,99
1998,2,22,7,35,63.06,01,.08,01,59.19,01,9900.00,99,9900.00,99
1998,2,22,7,40,52.89,01,-.23,01,49.95,01,9900.00,99,9900.00,99
1998,2,22,7,45,49.48,01,-.33,01,46.51,01,9900.00,99,9900.00,99
1998,2,22,7,50,53.76,01,-.32,01,50.27,01,9900.00,99,9900.00,99
1998,2,22,7,55,62.59,01,-.28,01,58.38,01,9900.00,99,9900.00,99
1998,2,22,8,0,80.22,01,-.25,01,75.63,01,9900.00,99,9900.00,99
1998,2,22,8,5,100.94,03,-.29,03,96.40,03,9900.00,99,9900.00,99
1998,2,22,8,10,117.12,03,-.28,03,113.29,03,9900.00,99,9900.00,99
1998,2,22,8,15,136.39,03,-.11,03,134.72,03,9900.00,99,9900.00,99
1998,2,22,8,20,144.08,03,-.01,03,143.83,03,9900.00,99,9900.00,99
1998,2,22,8,25,159.39,03,.51,03,161.75,03,9900.00,99,9900.00,99
1998,2,22,8,30,170.64,03,.80,03,174.62,03,9900.00,99,9900.00,99
1998,2,22,8,35,179.13,03,.44,03,185.35,03,9900.00,99,9900.00,99
1998,2,22,8,40,194.83,03,-.23,03,203.43,03,9900.00,99,9900.00,99
1998,2,22,8,45,211.39,03,-.66,03,206.29,03,9900.00,99,9900.00,99
1998,2,22,8,50,226.91,11,-.98,10,212.80,10,9900.00,99,9900.00,99
1998,2,22,8,55,239.83,15,-1.25,14,219.97,14,9900.00,99,9900.00,99
1998,2,22,9,0,247.97,15,-1.40,14,225.53,14,9900.00,99,9900.00,99
1998,2,22,9,5,256.44,19,-1.43,18,231.86,18,9900.00,99,9900.00,99
1998,2,22,9,10,290.47,23,-1.52,22,261.70,22,9900.00,99,9900.00,99
1998,2,22,9,15,319.50,19,-1.71,18,290.09,18,9900.00,99,9900.00,99
1998,2,22,9,20,326.70,19,-.95,18,303.68,18,9900.00,99,9900.00,99
1998,2,22,9,25,347.14,11,-1.05,10,327.36,10,9900.00,99,9900.00,99
1998,2,22,9,30,371.79,15,-1.08,14,349.92,14,9900.00,99,9900.00,99
1998,2,22,9,35,391.53,11,-1.13,10,370.87,10,9900.00,99,9900.00,99
1998,2,22,9,40,407.79,15,-1.47,14,384.71,14,9900.00,99,9900.00,99
1998,2,22,9,45,447.68,19,-1.27,18,415.22,18,9900.00,99,9900.00,99
1998,2,22,9,50,465.83,41,-1.76,40,436.12,08,9900.00,99,9900.00,99
1998,2,22,9,55,474.32,41,-1.29,40,456.86,08,9900.00,99,9900.00,99
1998,2,22,10,0,477.39,37,-1.24,36,464.15,08,9900.00,99,9900.00,99
1998,2,22,10,5,503.87,41,-1.23,40,489.17,08,9900.00,99,9900.00,99
1998,2,22,10,10,513.27,41,-1.30,40,497.75,08,9900.00,99,9900.00,99
1998,2,22,10,15,520.43,41,-1.21,40,506.78,08,9900.00,99,9900.00,99
1998,2,22,10,20,524.79,41,-1.20,40,513.33,08,9900.00,99,9900.00,99
1998,2,22,10,25,536.56,41,-1.32,40,527.37,08,9900.00,99,9900.00,99
1998,2,22,10,30,551.19,41,-1.87,40,544.25,08,9900.00,99,9900.00,99
1998,2,22,10,35,563.63,41,-1.31,40,558.46,08,9900.00,99,9900.00,99
1998,2,22,10,40,574.61,41,-1.41,40,571.46,08,9900.00,99,9900.00,99
1998,2,22,10,45,593.65,49,-1.34,48,590.27,08,9900.00,99,9900.00,99
1998,2,22,10,50,603.27,49,-1.32,48,593.67,08,9900.00,99,9900.00,99
1998,2,22,10,55,609.76,49,-1.58,48,599.11,08,9900.00,99,9900.00,99
1998,2,22,11,0,561.74,09,-1.83,09,550.81,09,9900.00,99,9900.00,99
1998,2,22,11,5,573.77,29,-1.65,28,564.25,08,9900.00,99,9900.00,99
1998,2,22,11,10,648.82,53,-1.41,52,642.48,08,9900.00,99,9900.00,99
1998,2,22,11,15,656.84,53,-1.30,52,650.51,08,9900.00,99,9900.00,99
1998,2,22,11,20,602.40,33,-1.25,32,594.78,08,9900.00,99,9900.00,99
1998,2,22,11,25,667.40,53,-.95,52,664.90,08,9900.00,99,9900.00,99
1998,2,22,11,30,678.09,53,-1.18,52,678.40,08,9900.00,99,9900.00,99
1998,2,22,11,35,678.23,53,-1.60,52,677.88,08,9900.00,99,9900.00,99
1998,2,22,11,40,679.29,53,-1.84,52,678.24,08,9900.00,99,9900.00,99
1998,2,22,11,45,681.30,53,-1.62,52,679.11,08,9900.00,99,9900.00,99
1998,2,22,11,50,694.32,53,-1.25,52,691.71,08,9900.00,99,9900.00,99
1998,2,22,11,55,686.44,53,-1.32,52,680.54,08,9900.00,99,9900.00,99
1998,2,22,12,0,677.03,45,-1.14,44,667.92,08,9900.00,99,9900.00,99
1998,2,22,12,5,665.89,41,-1.25,40,653.97,08,9900.00,99,9900.00,99
1998,2,22,12,10,667.94,41,.23,40,654.88,08,9900.00,99,9900.00,99
1998,2,22,12,15,661.41,41,-.41,40,645.46,08,9900.00,99,9900.00,99
1998,2,22,12,20,654.64,37,.06,36,635.60,08,9900.00,99,9900.00,99
1998,2,22,12,25,638.16,09,-.19,09,617.52,09,9900.00,99,9900.00,99
1998,2,22,12,30,634.09,11,-.77,10,610.05,10,9900.00,99,9900.00,99
1998,2,22,12,35,597.72,11,-1.13,10,571.25,10,9900.00,99,9900.00,99
1998,2,22,12,40,608.32,11,-.73,10,580.92,10,9900.00,99,9900.00,99
1998,2,22,12,45,563.31,11,-1.09,10,533.75,10,9900.00,99,9900.00,99
1998,2,22,12,50,574.91,11,-.74,10,544.35,10,9900.00,99,9900.00,99
1998,2,22,12,55,534.10,11,-.61,10,502.75,10,9900.00,99,9900.00,99
1998,2,22,13,0,509.43,11,-.21,10,478.95,10,9900.00,99,9900.00,99
1998,2,22,13,5,506.79,11,-.46,10,476.27,10,9900.00,99,9900.00,99
1998,2,22,13,10,546.35,15,-.55,14,515.82,14,9900.00,99,9900.00,99
1998,2,22,13,15,576.02,11,-.94,10,547.08,10,9900.00,99,9900.00,99
1998,2,22,13,20,501.52,11,-1.11,10,471.77,10,9900.00,99,9900.00,99
1998,2,22,13,25,491.34,11,-.88,10,461.90,10,9900.00,99,9900.00,99
1998,2,22,13,30,501.52,11,-.40,10,472.63,10,9900.00,99,9900.00,99
1998,2,22,13,35,504.15,11,-.31,10,475.20,10,9900.00,99,9900.00,99
1998,2,22,13,40,472.97,11,-1.10,10,444.40,10,9900.00,99,9900.00,99
1998,2,22,13,45,444.53,11,-.48,10,417.14,10,9900.00,99,9900.00,99
1998,2,22,13,50,455.94,11,-.52,10,427.76,10,9900.00,99,9900.00,99
1998,2,22,13,55,454.48,11,-.48,10,427.05,10,9900.00,99,9900.00,99
1998,2,22,14,0,408.80,11,-.78,10,384.16,10,9900.00,99,9900.00,99
1998,2,22,14,5,381.66,11,-.21,10,359.16,10,9900.00,99,9900.00,99
1998,2,22,14,10,365.41,11,.21,10,345.36,10,9900.00,99,9900.00,99
1998,2,22,14,15,362.04,11,.01,10,340.95,10,9900.00,99,9900.00,99
1998,2,22,14,20,348.35,11,.09,10,328.88,10,9900.00,99,9900.00,99
1998,2,22,14,25,329.80,03,-.26,03,311.58,03,9900.00,99,9900.00,99
1998,2,22,14,30,317.12,03,.16,03,302.11,03,9900.00,99,9900.00,99
1998,2,22,14,35,293.40,03,.53,03,278.79,03,9900.00,99,9900.00,99
1998,2,22,14,40,281.67,03,.70,03,267.44,03,9900.00,99,9900.00,99
1998,2,22,14,45,291.79,03,.98,03,275.24,03,9900.00,99,9900.00,99
1998,2,22,14,50,301.45,03,1.09,03,285.99,03,9900.00,99,9900.00,99
1998,2,22,14,55,286.05,03,1.15,03,271.51,03,9900.00,99,9900.00,99
1998,2,22,15,0,281.05,03,.96,03,266.11,03,9900.00,99,9900.00,99
1998,2,22,15,5,293.16,03,.79,03,276.57,03,9900.00,99,9900.00,99
1998,2,22,15,10,292.10,03,.98,03,275.88,03,9900.00,99,9900.00,99
1998,2,22,15,15,270.77,03,.79,03,257.88,03,9900.00,99,9900.00,99
1998,2,22,15,20,251.58,03,1.12,03,239.54,03,9900.00,99,9900.00,99
1998,2,22,15,25,232.25,03,1.08,03,221.93,03,9900.00,99,9900.00,99
1998,2,22,15,30,213.40,03,.97,03,204.54,03,9900.00,99,9900.00,99
1998,2,22,15,35,196.94,03,1.16,03,189.52,03,9900.00,99,9900.00,99
1998,2,22,15,40,184.35,03,1.16,03,176.44,03,9900.00,99,9900.00,99
1998,2,22,15,45,183.85,03,1.04,03,176.25,03,9900.00,99,9900.00,99
1998,2,22,15,50,169.82,03,1.13,03,163.88,03,9900.00,99,9900.00,99
1998,2,22,15,55,148.89,03,1.14,03,144.12,03,9900.00,99,9900.00,99
1998,2,22,16,0,127.34,03,1.06,03,123.63,03,9900.00,99,9900.00,99
1998,2,22,16,5,104.60,03,1.09,03,101.28,03,9900.00,99,9900.00,99
1998,2,22,16,10,91.48,03,1.16,03,88.42,03,9900.00,99,9900.00,99
1998,2,22,16,15,84.88,03,1.14,03,82.33,03,9900.00,99,9900.00,99
1998,2,22,16,20,74.14,03,1.16,03,71.84,03,9900.00,99,9900.00,99
1998,2,22,16,25,60.91,03,1.16,03,58.68,03,9900.00,99,9900.00,99
1998,2,22,16,30,54.32,03,1.16,03,52.25,03,9900.00,99,9900.00,99
1998,2,22,16,35,48.20,03,1.16,03,46.27,03,9900.00,99,9900.00,99
1998,2,22,16,40,44.44,03,1.16,03,42.68,03,9900.00,99,9900.00,99
1998,2,22,16,45,45.53,03,1.16,03,43.71,03,9900.00,99,9900.00,99
1998,2,22,16,50,43.12,03,1.16,03,41.08,03,9900.00,99,9900.00,99
1998,2,22,16,55,43.01,03,1.15,03,40.87,03,9900.00,99,9900.00,99
1998,2,22,17,0,43.44,03,1.16,03,41.57,03,9900.00,99,9900.00,99
1998,2,22,17,5,41.36,03,1.16,03,39.78,03,9900.00,99,9900.00,99
1998,2,22,17,10,38.95,03,1.16,03,37.35,03,9900.00,99,9900.00,99
1998,2,22,17,15,32.89,03,1.16,03,31.37,03,9900.00,99,9900.00,99
1998,2,22,17,20,32.50,01,1.16,01,31.15,01,9900.00,99,9900.00,99
1998,2,22,17,25,31.33,01,1.16,01,29.93,01,9900.00,99,9900.00,99
1998,2,22,17,30,27.65,01,1.16,01,26.36,01,9900.00,99,9900.00,99
1998,2,22,17,35,22.70,01,1.16,01,21.63,01,9900.00,99,9900.00,99
1998,2,22,17,40,15.78,01,1.15,01,14.94,01,9900.00,99,9900.00,99
1998,2,22,17,45,11.76,01,1.14,01,10.94,01,9900.00,99,9900.00,99
1998,2,22,17,50,9.52,01,1.16,01,9.00,01,9900.00,99,9900.00,99
1998,2,22,17,55,7.75,01,1.14,01,7.07,01,9900.00,99,9900.00,99
1998,2,22,18,0,5.74,01,1.15,01,5.13,01,9900.00,99,9900.00,99
1998,2,22,18,5,2.85,01,.98,01,2.76,01,9900.00,99,9900.00,99
1998,2,22,18,10,.20,01,.83,01,-.25,01,9900.00,99,9900.00,99
1998,2,22,18,15,-.76,01,.88,01,-1.19,01,9900.00,99,9900.00,99
1998,2,22,18,20,-1.40,01,.84,01,-1.85,01,9900.00,99,9900.00,99
1998,2,22,18,25,-2.32,01,.70,01,-2.64,01,9900.00,99,9900.00,99
1998,2,22,18,30,-2.21,01,.89,01,-2.78,01,9900.00,99,9900.00,99
1998,2,22,18,35,-2.24,01,.90,01,-2.71,01,9900.00,99,9900.00,99
1998,2,22,18,40,-2.05,01,.92,01,-2.29,01,9900.00,99,9900.00,99
1998,2,22,18,45,-1.55,01,1.12,01,-2.01,01,9900.00,99,9900.00,99
1998,2,22,18,50,-1.38,01,1.07,01,-1.91,01,9900.00,99,9900.00,99
1998,2,22,18,55,-1.15,01,1.08,01,-1.48,01,9900.00,99,9900.00,99
1998,2,22,19,0,-1.09,01,1.14,01,-1.25,01,9900.00,99,9900.00,99
1998,2,22,19,5,-1.13,01,1.13,01,-1.39,01,9900.00,99,9900.00,99
1998,2,22,19,10,-.90,01,1.14,01,-1.23,01,9900.00,99,9900.00,99
1998,2,22,19,15,-.75,01,1.14,01,-1.19,01,9900.00,99,9900.00,99
1998,2,22,19,20,-.72,01,1.15,01,-1.19,01,9900.00,99,9900.00,99
1998,2,22,19,25,-.69,01,1.13,01,-1.19,01,9900.00,99,9900.00,99
1998,2,22,19,30,-.69,01,1.14,01,-1.19,01,9900.00,99,9900.00,99
1998,2,22,19,35,-.69,01,1.14,01,-1.19,01,9900.00,99,9900.00,99
1998,2,22,19,40,-.64,01,1.14,01,-1.14,01,9900.00,99,9900.00,99
1998,2,22,19,45,-.40,01,1.15,01,-.98,01,9900.00,99,9900.00,99
1998,2,22,19,50,-.41,01,1.16,01,-.99,01,9900.00,99,9900.00,99
1998,2,22,19,55,-.64,01,1.16,01,-1.13,01,9900.00,99,9900.00,99
1998,2,22,20,0,-.68,01,1.14,01,-1.15,01,9900.00,99,9900.00,99
1998,2,22,20,5,-.50,01,1.14,01,-1.05,01,9900.00,99,9900.00,99
1998,2,22,20,10,-.59,01,1.16,01,-1.12,01,9900.00,99,9900.00,99
1998,2,22,20,15,-.49,01,1.14,01,-1.05,01,9900.00,99,9900.00,99
1998,2,22,20,20,-.57,01,1.16,01,-.98,01,9900.00,99,9900.00,99
1998,2,22,20,25,-.66,01,1.15,01,-.96,01,9900.00,99,9900.00,99
1998,2,22,20,30,-.72,01,1.14,01,-1.19,01,9900.00,99,9900.00,99
1998,2,22,20,35,-.69,01,1.13,01,-1.19,01,9900.00,99,9900.00,99
1998,2,22,20,40,-.67,01,1.14,01,-1.17,01,9900.00,99,9900.00,99
1998,2,22,20,45,-.65,01,1.14,01,-1.17,01,9900.00,99,9900.00,99
1998,2,22,20,50,-.71,01,1.14,01,-1.19,01,9900.00,99,9900.00,99
1998,2,22,20,55,-.68,01,1.13,01,-1.17,01,9900.00,99,9900.00,99
1998,2,22,21,0,-.63,01,1.16,01,-1.17,01,9900.00,99,9900.00,99
1998,2,22,21,5,-.41,01,1.16,01,-1.03,01,9900.00,99,9900.00,99
1998,2,22,21,10,-.59,01,1.16,01,-1.11,01,9900.00,99,9900.00,99
1998,2,22,21,15,-.54,01,1.15,01,-1.09,01,9900.00,99,9900.00,99
1998,2,22,21,20,-.28,01,1.14,01,-.94,01,9900.00,99,9900.00,99
1998,2,22,21,25,-.29,01,1.14,01,-.91,01,9900.00,99,9900.00,99
1998,2,22,21,30,-.15,01,1.15,01,-.81,01,9900.00,99,9900.00,99
1998,2,22,21,35,-.30,01,1.14,01,-.99,01,9900.00,99,9900.00,99
1998,2,22,21,40,-.39,01,1.14,01,-.97,01,9900.00,99,9900.00,99
1998,2,22,21,45,-.34,01,1.15,01,-1.01,01,9900.00,99,9900.00,99
1998,2,22,21,50,-.39,01,1.14,01,-.97,01,9900.00,99,9900.00,99
1998,2,22,21,55,-.15,01,1.16,01,-.84,01,9900.00,99,9900.00,99
1998,2,22,22,0,-.49,01,1.16,01,-1.09,01,9900.00,99,9900.00,99
1998,2,22,22,5,-.60,01,1.10,01,-1.17,01,9900.00,99,9900.00,99
1998,2,22,22,10,-.91,01,1.14,01,-1.29,01,9900.00,99,9900.00,99
1998,2,22,22,15,-1.27,01,1.13,01,-1.93,01,9900.00,99,9900.00,99
1998,2,22,22,20,-1.62,01,1.10,01,-2.41,01,9900.00,99,9900.00,99
1998,2,22,22,25,-1.85,01,1.14,01,-2.44,01,9900.00,99,9900.00,99
1998,2,22,22,30,-1.16,01,1.15,01,-1.59,01,9900.00,99,9900.00,99
1998,2,22,22,35,-.61,01,1.14,01,-1.14,01,9900.00,99,9900.00,99
1998,2,22,22,40,-.25,01,1.15,01,-.89,01,9900.00,99,9900.00,99
1998,2,22,22,45,-.16,01,1.16,01,-.84,01,9900.00,99,9900.00,99
1998,2,22,22,50,-.12,01,1.14,01,-.80,01,9900.00,99,9900.00,99
1998,2,22,22,55,-.05,01,1.14,01,-.74,01,9900.00,99,9900.00,99
1998,2,22,23,0,-.01,01,1.14,01,-.74,01,9900.00,99,9900.00,99
1998,2,22,23,5,-.05,01,1.12,01,-.76,01,9900.00,99,9900.00,99
1998,2,22,23,10,-.13,01,1.12,01,-.82,01,9900.00,99,9900.00,99
1998,2,22,23,15,-.05,01,1.15,01,-.77,01,9900.00,99,9900.00,99
1998,2,22,23,20,-.10,01,1.10,01,-.84,01,9900.00,99,9900.00,99
1998,2,22,23,25,-.07,01,1.13,01,-.80,01,9900.00,99,9900.00,99
1998,2,22,23,30,-.10,01,1.14,01,-.79,01,9900.00,99,9900.00,99
1998,2,22,23,35,-.04,01,1.13,01,-.80,01,9900.00,99,9900.00,99
1998,2,22,23,40,-.10,01,1.12,01,-.80,01,9900.00,99,9900.00,99
1998,2,22,23,45,-.10,01,1.10,01,-.81,01,9900.00,99,9900.00,99
1998,2,22,23,50,-.40,01,1.07,01,-1.04,01,9900.00,99,9900.00,99
1998,2,22,23,55,-.69,01,1.03,01,-1.19,01,9900.00,99,9900.00,99
1998,2,23,0,0,-.73,01,1.03,01,-1.19,01,9900.00,99,9900.00,99
1998,2,23,0,5,-.87,01,.93,01,-1.25,01,9900.00,99,9900.00,99
1998,2,23,0,10,-1.03,01,1.06,01,-1.36,01,9900.00,99,9900.00,99
1998,2,23,0,15,-1.14,01,1.07,01,-1.52,01,9900.00,99,9900.00,99
1998,2,23,0,20,-1.40,01,1.09,01,-1.95,01,9900.00,99,9900.00,99
1998,2,23,0,25,-1.90,01,1.16,01,-2.45,01,9900.00,99,9900.00,99
1998,2,23,0,30,-2.15,01,1.17,01,-2.76,01,9900.00,99,9900.00,99
1998,2,23,0,35,-2.23,01,1.41,01,-2.78,01,9900.00,99,9900.00,99
1998,2,23,0,40,-2.22,01,1.38,01,-2.77,01,9900.00,99,9900.00,99
1998,2,23,0,45,-1.65,01,1.16,01,-2.42,01,9900.00,99,9900.00,99
1998,2,23,0,50,-2.05,01,1.15,01,-2.71,01,9900.00,99,9900.00,99
1998,2,23,0,55,-2.22,01,1.15,01,-2.78,01,9900.00,99,9900.00,99
1998,2,23,1,0,-2.17,01,1.14,01,-2.76,01,9900.00,99,9900.00,99
1998,2,23,1,5,-2.19,01,1.16,01,-2.78,01,9900.00,99,9900.00,99
1998,2,23,1,10,-1.94,01,1.15,01,-2.66,01,9900.00,99,9900.00,99
1998,2,23,1,15,-1.59,01,1.16,01,-2.33,01,9900.00,99,9900.00,99
1998,2,23,1,20,-2.13,01,1.16,01,-2.66,01,9900.00,99,9900.00,99
1998,2,23,1,25,-2.16,01,1.16,01,-2.74,01,9900.00,99,9900.00,99
1998,2,23,1,30,-2.01,01,1.18,01,-2.70,01,9900.00,99,9900.00,99
1998,2,23,1,35,-1.68,01,1.18,01,-2.32,01,9900.00,99,9900.00,99
1998,2,23,1,40,-1.49,01,1.16,01,-2.09,01,9900.00,99,9900.00,99
1998,2,23,1,45,-1.08,01,1.15,01,-1.72,01,9900.00,99,9900.00,99
1998,2,23,1,50,-.49,01,1.19,01,-1.19,01,9900.00,99,9900.00,99
1998,2,23,1,55,-.02,01,1.26,01,-.80,01,9900.00,99,9900.00,99
1998,2,23,2,0,-.01,01,1.37,01,-.62,01,9900.00,99,9900.00,99
1998,2,23,2,5,-.07,01,1.42,01,-1.03,01,9900.00,99,9900.00,99
1998,2,23,2,10,-.30,01,1.38,01,-1.19,01,9900.00,99,9900.00,99
1998,2,23,2,15,-.57,01,1.37,01,-1.19,01,9900.00,99,9900.00,99
1998,2,23,2,20,-.43,01,1.41,01,-1.19,01,9900.00,99,9900.00,99
1998,2,23,2,25,-.56,01,1.45,01,-1.19,01,9900.00,99,9900.00,99
1998,2,23,2,30,-.40,01,1.36,01,-1.17,01,9900.00,99,9900.00,99
1998,2,23,2,35,-.02,01,1.32,01,-1.00,01,9900.00,99,9900.00,99
1998,2,23,2,40,.02,01,1.12,01,-.88,01,9900.00,99,9900.00,99
1998,2,23,2,45,.03,01,1.05,01,-.74,01,9900.00,99,9900.00,99
1998,2,23,2,50,.03,01,1.04,01,-.75,01,9900.00,99,9900.00,99
1998,2,23,2,55,-.01,01,.98,01,-.79,01,9900.00,99,9900.00,99
1998,2,23,3,0,-.01,01,1.07,01,-.85,01,9900.00,99,9900.00,99
1998,2,23,3,5,.01,01,1.07,01,-.85,01,9900.00,99,9900.00,99
1998,2,23,3,10,.03,01,1.16,01,-.71,01,9900.00,99,9900.00,99
1998,2,23,3,15,.20,01,1.14,01,-.72,01,9900.00,99,9900.00,99
1998,2,23,3,20,.05,01,1.23,01,-.82,01,9900.00,99,9900.00,99
1998,2,23,3,25,.02,01,1.22,01,-.86,01,9900.00,99,9900.00,99
1998,2,23,3,30,.01,01,1.26,01,-.85,01,9900.00,99,9900.00,99
1998,2,23,3,35,-.02,01,1.22,01,-.93,01,9900.00,99,9900.00,99
1998,2,23,3,40,.01,01,1.21,01,-.93,01,9900.00,99,9900.00,99
1998,2,23,3,45,.01,01,1.20,01,-.87,01,9900.00,99,9900.00,99
1998,2,23,3,50,.01,01,1.11,01,-.89,01,9900.00,99,9900.00,99
1998,2,23,3,55,.15,01,1.07,01,-.59,01,9900.00,99,9900.00,99
1998,2,23,4,0,.14,01,1.09,01,-.46,01,9900.00,99,9900.00,99
1998,2,23,4,5,.12,01,1.18,01,-.46,01,9900.00,99,9900.00,99
1998,2,23,4,10,.07,01,1.16,01,-.44,01,9900.00,99,9900.00,99
1998,2,23,4,15,.05,01,1.20,01,-.46,01,9900.00,99,9900.00,99
1998,2,23,4,20,.02,01,1.18,01,-.53,01,9900.00,99,9900.00,99
1998,2,23,4,25,.02,01,1.20,01,-.66,01,9900.00,99,9900.00,99
1998,2,23,4,30,.01,01,1.23,01,-.68,01,9900.00,99,9900.00,99
1998,2,23,4,35,-.01,01,1.32,01,-.68,01,9900.00,99,9900.00,99
1998,2,23,4,40,.03,01,1.32,01,-.48,01,9900.00,99,9900.00,99
1998,2,23,4,45,.02,01,1.21,01,-.52,01,9900.00,99,9900.00,99
1998,2,23,4,50,-.01,01,1.23,01,-.74,01,9900.00,99,9900.00,99
1998,2,23,4,55,.04,01,1.21,01,-.79,01,9900.00,99,9900.00,99
1998,2,23,5,0,.06,01,1.14,01,-.68,01,9900.00,99,9900.00,99
1998,2,23,5,5,.08,01,1.09,01,-.58,01,9900.00,99,9900.00,99
1998,2,23,5,10,.07,01,1.07,01,-.66,01,9900.00,99,9900.00,99
1998,2,23,5,15,.02,01,1.02,01,-.72,01,9900.00,99,9900.00,99
1998,2,23,5,20,.05,01,1.00,01,-.73,01,9900.00,99,9900.00,99
1998,2,23,5,25,.08,01,.98,01,-.68,01,9900.00,99,9900.00,99
1998,2,23,5,30,.02,01,1.02,01,-.62,01,9900.00,99,9900.00,99
1998,2,23,5,35,.06,01,.96,01,-.60,01,9900.00,99,9900.00,99
1998,2,23,5,40,.27,01,1.02,01,-.44,01,9900.00,99,9900.00,99
1998,2,23,5,45,.32,01,1.02,01,-.44,01,9900.00,99,9900.00,99
1998,2,23,5,50,.30,01,1.03,01,-.40,01,9900.00,99,9900.00,99
1998,2,23,5,55,.34,01,.98,01,-.43,01,9900.00,99,9900.00,99
1998,2,23,6,0,.15,01,.96,01,-.61,01,9900.00,99,9900.00,99
1998,2,23,6,5,.23,01,.89,01,-.42,01,9900.00,99,9900.00,99
1998,2,23,6,10,.05,01,.92,01,-.71,01,9900.00,99,9900.00,99
1998,2,23,6,15,.01,01,.93,01,-.78,01,9900.00,99,9900.00,99
1998,2,23,6,20,-.05,01,.96,01,-1.01,01,9900.00,99,9900.00,99
1998,2,23,6,25,-.21,01,.98,01,-1.11,01,9900.00,99,9900.00,99
1998,2,23,6,30,-.10,01,.92,01,-1.03,01,9900.00,99,9900.00,99
1998,2,23,6,35,.01,01,.91,01,-.91,01,9900.00,99,9900.00,99
1998,2,23,6,40,.07,01,.88,01,-.38,01,9900.00,99,9900.00,99
1998,2,23,6,45,.05,01,.89,01,-.51,01,9900.00,99,9900.00,99
1998,2,23,6,50,.07,01,.87,01,-.54,01,9900.00,99,9900.00,99
1998,2,23,6,55,.01,01,.87,01,-.75,01,9900.00,99,9900.00,99
1998,2,23,7,0,-.01,01,.87,01,-.79,01,9900.00,99,9900.00,99
1998,2,23,7,5,.23,01,.98,01,-.60,01,9900.00,99,9900.00,99
1998,2,23,7,10,.73,01,.91,01,0.00,01,9900.00,99,9900.00,99
1998,2,23,7,15,1.32,01,.86,01,.77,01,9900.00,99,9900.00,99
1998,2,23,7,20,1.96,01,.86,01,1.28,01,9900.00,99,9900.00,99
1998,2,23,7,25,2.09,01,.91,01,1.38,01,9900.00,99,9900.00,99
1998,2,23,7,30,2.31,01,.82,01,1.49,01,9900.00,99,9900.00,99
1998,2,23,7,35,2.54,01,.82,01,1.78,01,9900.00,99,9900.00,99
1998,2,23,7,40,2.96,01,.83,01,2.69,01,9900.00,99,9900.00,99
1998,2,23,7,45,3.55,01,.87,01,3.41,01,9900.00,99,9900.00,99
1998,2,23,7,50,4.82,01,.83,01,4.40,01,9900.00,99,9900.00,99
1998,2,23,7,55,3.83,01,.81,01,3.60,01,9900.00,99,9900.00,99
1998,2,23,8,0,3.61,01,.80,01,3.33,01,9900.00,99,9900.00,99
1998,2,23,8,5,5.38,09,.81,09,5.15,09,9900.00,99,9900.00,99
1998,2,23,8,10,8.07,09,.84,09,7.89,09,9900.00,99,9900.00,99
1998,2,23,8,15,9.63,09,.78,09,8.84,09,9900.00,99,9900.00,99
1998,2,23,8,20,10.90,09,.86,09,10.16,09,9900.00,99,9900.00,99
1998,2,23,8,25,9.25,09,.87,09,8.73,09,9900.00,99,9900.00,99
1998,2,23,8,30,10.08,09,.77,09,9.47,09,9900.00,99,9900.00,99
1998,2,23,8,35,11.39,09,.84,09,10.63,09,9900.00,99,9900.00,99
1998,2,23,8,40,13.35,09,.79,09,12.63,09,9900.00,99,9900.00,99
1998,2,23,8,45,15.12,09,.72,09,14.01,09,9900.00,99,9900.00,99
1998,2,23,8,50,14.65,09,.51,09,13.51,09,9900.00,99,9900.00,99
1998,2,23,8,55,14.96,09,.41,09,13.90,09,9900.00,99,9900.00,99
1998,2,23,9,0,14.65,09,.52,09,13.94,09,9900.00,99,9900.00,99
1998,2,23,9,5,12.87,09,.80,09,11.78,09,9900.00,99,9900.00,99
1998,2,23,9,10,13.16,09,.88,09,12.16,09,9900.00,99,9900.00,99
1998,2,23,9,15,15.19,09,.81,09,14.04,09,9900.00,99,9900.00,99
1998,2,23,9,20,17.07,03,.84,03,15.84,03,9900.00,99,9900.00,99
1998,2,23,9,25,20.99,03,.76,03,19.68,03,9900.00,99,9900.00,99
1998,2,23,9,30,26.40,03,.69,03,25.09,03,9900.00,99,9900.00,99
1998,2,23,9,35,32.82,03,.42,03,31.42,03,9900.00,99,9900.00,99
1998,2,23,9,40,38.66,03,.44,03,36.91,03,9900.00,99,9900.00,99
1998,2,23,9,45,40.78,03,.57,03,39.06,03,9900.00,99,9900.00,99
1998,2,23,9,50,40.58,03,.64,03,38.74,03,9900.00,99,9900.00,99
1998,2,23,9,55,51.18,03,.67,03,48.92,03,9900.00,99,9900.00,99
1998,2,23,10,0,60.87,03,.48,03,58.21,03,9900.00,99,9900.00,99
1998,2,23,10,5,60.32,03,.33,03,57.85,03,9900.00,99,9900.00,99
1998,2,23,10,10,72.21,03,.32,03,69.83,03,9900.00,99,9900.00,99
1998,2,23,10,15,74.76,03,.15,03,71.72,03,9900.00,99,9900.00,99
1998,2,23,10,20,51.19,03,.23,03,48.46,03,9900.00,99,9900.00,99
1998,2,23,10,25,55.24,03,.24,03,52.64,03,9900.00,99,9900.00,99
1998,2,23,10,30,58.97,03,.24,03,56.52,03,9900.00,99,9900.00,99
1998,2,23,10,35,80.16,03,.21,03,77.08,03,9900.00,99,9900.00,99
1998,2,23,10,40,80.63,03,.12,03,77.83,03,9900.00,99,9900.00,99
1998,2,23,10,45,96.01,03,.15,03,92.75,03,9900.00,99,9900.00,99
1998,2,23,10,50,100.94,03,.04,03,97.60,03,9900.00,99,9900.00,99
1998,2,23,10,55,108.15,03,-.05,03,104.02,03,9900.00,99,9900.00,99
1998,2,23,11,0,121.35,03,-.06,03,116.51,03,9900.00,99,9900.00,99
1998,2,23,11,5,135.61,03,-.17,03,129.28,03,9900.00,99,9900.00,99
1998,2,23,11,10,149.83,03,-.21,03,142.06,03,9900.00,99,9900.00,99
1998,2,23,11,15,160.50,03,-.39,03,153.91,03,9900.00,99,9900.00,99
1998,2,23,11,20,160.20,03,-.23,03,154.25,03,9900.00,99,9900.00,99
1998,2,23,11,25,160.12,03,-.15,03,153.50,03,9900.00,99,9900.00,99
1998,2,23,11,30,158.77,03,-.13,03,152.21,03,9900.00,99,9900.00,99
1998,2,23,11,35,174.17,03,-.09,03,166.75,03,9900.00,99,9900.00,99
1998,2,23,11,40,208.26,03,0.00,03,200.61,03,9900.00,99,9900.00,99
1998,2,23,11,45,209.95,03,-.06,03,202.85,03,9900.00,99,9900.00,99
1998,2,23,11,50,220.49,03,.04,03,213.35,03,9900.00,99,9900.00,99
1998,2,23,11,55,227.46,03,-.15,03,220.50,03,9900.00,99,9900.00,99
1998,2,23,12,0,233.92,03,-.21,03,228.32,03,9900.00,99,9900.00,99
1998,2,23,12,5,252.68,03,-.13,03,246.52,03,9900.00,99,9900.00,99
1998,2,23,12,10,277.76,03,.09,03,271.23,03,9900.00,99,9900.00,99
1998,2,23,12,15,295.76,03,-.10,03,289.75,03,9900.00,99,9900.00,99
1998,2,23,12,20,314.28,03,-.24,03,309.17,03,9900.00,99,9900.00,99
1998,2,23,12,25,323.76,03,-.11,03,316.87,03,9900.00,99,9900.00,99
1998,2,23,12,30,340.83,03,.01,03,333.12,03,9900.00,99,9900.00,99
1998,2,23,12,35,318.48,03,.11,03,311.98,03,9900.00,99,9900.00,99
1998,2,23,12,40,239.62,03,.03,03,233.53,03,9900.00,99,9900.00,99
1998,2,23,12,45,140.32,03,-.11,03,135.38,03,9900.00,99,9900.00,99
1998,2,23,12,50,123.96,03,-.09,03,118.39,03,9900.00,99,9900.00,99
1998,2,23,12,55,142.26,03,.12,03,136.28,03,9900.00,99,9900.00,99
1998,2,23,13,0,154.40,03,.18,03,149.16,03,9900.00,99,9900.00,99
1998,2,23,13,5,184.09,03,.35,03,178.51,03,9900.00,99,9900.00,99
1998,2,23,13,10,165.52,03,.41,03,160.88,03,9900.00,99,9900.00,99
1998,2,23,13,15,145.18,03,.26,03,139.92,03,9900.00,99,9900.00,99
1998,2,23,13,20,131.10,03,.24,03,126.52,03,9900.00,99,9900.00,99
1998,2,23,13,25,138.18,03,.34,03,134.69,03,9900.00,99,9900.00,99
1998,2,23,13,30,168.63,03,.61,03,165.47,03,9900.00,99,9900.00,99
1998,2,23,13,35,144.24,03,.57,03,140.41,03,9900.00,99,9900.00,99
1998,2,23,13,40,146.05,03,.54,03,142.16,03,9900.00,99,9900.00,99
1998,2,23,13,45,154.52,03,.46,03,150.12,03,9900.00,99,9900.00,99
1998,2,23,13,50,128.85,03,.50,03,124.64,03,9900.00,99,9900.00,99
1998,2,23,13,55,110.76,03,.43,03,107.23,03,9900.00,99,9900.00,99
1998,2,23,14,0,109.29,03,.35,03,105.86,03,9900.00,99,9900.00,99
1998,2,23,14,5,86.65,03,.58,03,82.58,03,9900.00,99,9900.00,99
1998,2,23,14,10,103.76,03,.64,03,100.78,03,9900.00,99,9900.00,99
1998,2,23,14,15,150.02,03,.70,03,145.14,03,9900.00,99,9900.00,99
1998,2,23,14,20,160.25,03,.79,03,154.35,03,9900.00,99,9900.00,99
1998,2,23,14,25,152.94,03,.91,03,146.52,03,9900.00,99,9900.00,99
1998,2,23,14,30,162.46,03,.91,03,156.39,03,9900.00,99,9900.00,99
1998,2,23,14,35,136.54,03,.66,03,130.95,03,9900.00,99,9900.00,99
1998,2,23,14,40,126.33,03,.35,03,122.18,03,9900.00,99,9900.00,99
1998,2,23,14,45,91.54,03,.38,03,88.51,03,9900.00,99,9900.00,99
1998,2,23,14,50,99.11,03,.40,03,95.89,03,9900.00,99,9900.00,99
1998,2,23,14,55,99.19,03,.59,03,95.57,03,9900.00,99,9900.00,99
1998,2,23,15,0,113.26,03,.64,03,108.42,03,9900.00,99,9900.00,99
1998,2,23,15,5,142.73,03,.59,03,136.64,03,9900.00,99,9900.00,99
1998,2,23,15,10,140.65,03,.81,03,136.34,03,9900.00,99,9900.00,99
1998,2,23,15,15,126.17,03,.89,03,120.15,03,9900.00,99,9900.00,99
1998,2,23,15,20,133.42,03,1.01,03,128.08,03,9900.00,99,9900.00,99
1998,2,23,15,25,136.49,03,1.03,03,131.17,03,9900.00,99,9900.00,99
1998,2,23,15,30,106.00,03,.94,03,101.39,03,9900.00,99,9900.00,99
1998,2,23,15,35,72.44,03,.95,03,68.94,03,9900.00,99,9900.00,99
1998,2,23,15,40,54.42,03,.59,03,51.61,03,9900.00,99,9900.00,99
1998,2,23,15,45,60.10,03,.44,03,57.26,03,9900.00,99,9900.00,99
1998,2,23,15,50,65.60,03,.64,03,62.28,03,9900.00,99,9900.00,99
1998,2,23,15,55,61.55,03,.86,03,58.73,03,9900.00,99,9900.00,99
1998,2,23,16,0,57.54,03,.81,03,55.11,03,9900.00,99,9900.00,99
1998,2,23,16,5,47.59,03,.81,03,45.57,03,9900.00,99,9900.00,99
1998,2,23,16,10,52.05,03,.78,03,49.65,03,9900.00,99,9900.00,99
1998,2,23,16,15,47.25,03,.77,03,44.75,03,9900.00,99,9900.00,99
1998,2,23,16,20,45.75,03,.80,03,43.28,03,9900.00,99,9900.00,99
1998,2,23,16,25,44.17,03,.75,03,41.87,03,9900.00,99,9900.00,99
1998,2,23,16,30,47.10,03,.82,03,44.87,03,9900.00,99,9900.00,99
1998,2,23,16,35,50.50,03,.82,03,48.28,03,9900.00,99,9900.00,99
1998,2,23,16,40,70.99,03,.87,03,67.78,03,9900.00,99,9900.00,99
1998,2,23,16,45,61.34,03,.91,03,58.27,03,9900.00,99,9900.00,99
1998,2,23,16,50,50.87,03,.94,03,48.32,03,9900.00,99,9900.00,99
1998,2,23,16,55,36.69,03,.93,03,34.72,03,9900.00,99,9900.00,99
1998,2,23,17,0,25.16,09,.87,09,23.84,09,9900.00,99,9900.00,99
1998,2,23,17,5,22.77,09,.77,09,21.28,09,9900.00,99,9900.00,99
1998,2,23,17,10,22.88,09,.80,09,21.45,09,9900.00,99,9900.00,99
1998,2,23,17,15,22.71,03,.77,03,21.27,03,9900.00,99,9900.00,99
1998,2,23,17,20,21.68,01,.72,01,20.25,01,9900.00,99,9900.00,99
1998,2,23,17,25,24.41,01,.76,01,22.93,01,9900.00,99,9900.00,99
1998,2,23,17,30,18.24,01,.80,01,16.79,01,9900.00,99,9900.00,99
1998,2,23,17,35,17.35,01,.74,01,16.12,01,9900.00,99,9900.00,99
1998,2,23,17,40,14.04,01,.58,01,12.78,01,9900.00,99,9900.00,99
1998,2,23,17,45,9.91,01,.52,01,8.92,01,9900.00,99,9900.00,99
1998,2,23,17,50,7.42,01,.56,01,6.52,01,9900.00,99,9900.00,99
1998,2,23,17,55,5.21,01,.50,01,4.78,01,9900.00,99,9900.00,99
1998,2,23,18,0,2.79,01,.41,01,2.32,01,9900.00,99,9900.00,99
1998,2,23,18,5,1.25,01,.39,01,.47,01,9900.00,99,9900.00,99
1998,2,23,18,10,.63,01,.42,01,-.09,01,9900.00,99,9900.00,99
1998,2,23,18,15,.01,01,.52,01,-.80,01,9900.00,99,9900.00,99
1998,2,23,18,20,-.13,01,.59,01,-.97,01,9900.00,99,9900.00,99
1998,2,23,18,25,-.60,01,.50,01,-1.19,01,9900.00,99,9900.00,99
1998,2,23,18,30,-.63,01,.62,01,-1.19,01,9900.00,99,9900.00,99
1998,2,23,18,35,-.32,01,.73,01,-1.16,01,9900.00,99,9900.00,99
1998,2,23,18,40,-.14,01,.73,01,-1.11,01,9900.00,99,9900.00,99
1998,2,23,18,45,-.25,01,.60,01,-1.16,01,9900.00,99,9900.00,99
1998,2,23,18,50,-.20,01,.59,01,-1.12,01,9900.00,99,9900.00,99
1998,2,23,18,55,-.05,01,.68,01,-.88,01,9900.00,99,9900.00,99
1998,2,23,19,0,-.05,01,.67,01,-.87,01,9900.00,99,9900.00,99
1998,2,23,19,5,-.05,01,.64,01,-.87,01,9900.00,99,9900.00,99
1998,2,23,19,10,-.02,01,.63,01,-.83,01,9900.00,99,9900.00,99
1998,2,23,19,15,.02,01,.62,01,-.78,01,9900.00,99,9900.00,99
1998,2,23,19,20,0.00,01,.64,01,-.74,01,9900.00,99,9900.00,99
1998,2,23,19,25,-.02,01,.59,01,-.78,01,9900.00,99,9900.00,99
1998,2,23,19,30,-.02,01,.66,01,-.84,01,9900.00,99,9900.00,99
1998,2,23,19,35,-.08,01,.57,01,-.86,01,9900.00,99,9900.00,99
1998,2,23,19,40,-.06,01,.66,01,-.91,01,9900.00,99,9900.00,99
1998,2,23,19,45,-.14,01,.66,01,-.85,01,9900.00,99,9900.00,99
1998,2,23,19,50,-.15,01,.62,01,-.95,01,9900.00,99,9900.00,99
1998,2,23,19,55,-.23,01,.43,01,-1.12,01,9900.00,99,9900.00,99
1998,2,23,20,0,-.30,01,.33,01,-1.17,01,9900.00,99,9900.00,99
1998,2,23,20,5,-.43,01,.31,01,-1.18,01,9900.00,99,9900.00,99
1998,2,23,20,10,-.55,01,.37,01,-1.19,01,9900.00,99,9900.00,99
1998,2,23,20,15,-.63,01,.39,01,-1.19,01,9900.00,99,9900.00,99
1998,2,23,20,20,-.63,01,.53,01,-1.19,01,9900.00,99,9900.00,99
1998,2,23,20,25,-.66,01,.65,01,-1.19,01,9900.00,99,9900.00,99
1998,2,23,20,30,-.62,01,.71,01,-1.19,01,9900.00,99,9900.00,99
1998,2,23,20,35,-.45,01,.66,01,-1.19,01,9900.00,99,9900.00,99
1998,2,23,20,40,-.36,01,.62,01,-1.19,01,9900.00,99,9900.00,99
1998,2,23,20,45,-.01,01,.71,01,-1.18,01,9900.00,99,9900.00,99
1998,2,23,20,50,-.08,01,.66,01,-1.19,01,9900.00,99,9900.00,99
1998,2,23,20,55,-.37,01,.62,01,-1.19,01,9900.00,99,9900.00,99
1998,2,23,21,0,-.58,01,.40,01,-1.19,01,9900.00,99,9900.00,99
1998,2,23,21,5,-.34,01,.42,01,-1.19,01,9900.00,99,9900.00,99
1998,2,23,21,10,-.26,01,.44,01,-1.19,01,9900.00,99,9900.00,99
1998,2,23,21,15,-.15,01,.36,01,-1.13,01,9900.00,99,9900.00,99
1998,2,23,21,20,-.09,01,.34,01,-1.11,01,9900.00,99,9900.00,99
1998,2,23,21,25,-.04,01,.44,01,-.99,01,9900.00,99,9900.00,99
1998,2,23,21,30,0.00,01,.59,01,-.82,01,9900.00,99,9900.00,99
1998,2,23,21,35,.02,01,.63,01,-.79,01,9900.00,99,9900.00,99
1998,2,23,21,40,.03,01,.68,01,-.76,01,9900.00,99,9900.00,99
1998,2,23,21,45,.05,01,.63,01,-.68,01,9900.00,99,9900.00,99
1998,2,23,21,50,.08,01,.65,01,-.55,01,9900.00,99,9900.00,99
1998,2,23,21,55,.11,01,.69,01,-.56,01,9900.00,99,9900.00,99
1998,2,23,22,0,.18,01,.66,01,-.52,01,9900.00,99,9900.00,99
1998,2,23,22,5,.18,01,.66,01,-.42,01,9900.00,99,9900.00,99
1998,2,23,22,10,.17,01,.68,01,-.46,01,9900.00,99,9900.00,99
1998,2,23,22,15,.25,01,.69,01,-.44,01,9900.00,99,9900.00,99
1998,2,23,22,20,.27,01,.71,01,-.46,01,9900.00,99,9900.00,99
1998,2,23,22,25,.27,01,.70,01,-.40,01,9900.00,99,9900.00,99
1998,2,23,22,30,.25,01,.69,01,-.40,01,9900.00,99,9900.00,99
1998,2,23,22,35,.28,01,.68,01,-.40,01,9900.00,99,9900.00,99
1998,2,23,22,40,.28,01,.66,01,-.36,01,9900.00,99,9900.00,99
1998,2,23,22,45,.28,01,.65,01,-.36,01,9900.00,99,9900.00,99
1998,2,23,22,50,.30,01,.66,01,-.42,01,9900.00,99,9900.00,99
1998,2,23,22,55,.29,01,.68,01,-.39,01,9900.00,99,9900.00,99
1998,2,23,23,0,.28,01,.70,01,-.38,01,9900.00,99,9900.00,99
1998,2,23,23,5,.27,01,.65,01,-.38,01,9900.00,99,9900.00,99
1998,2,23,23,10,.29,01,.64,01,-.43,01,9900.00,99,9900.00,99
1998,2,23,23,15,.26,01,.66,01,-.43,01,9900.00,99,9900.00,99
1998,2,23,23,20,.29,01,.66,01,-.48,01,9900.00,99,9900.00,99
1998,2,23,23,25,.18,01,.67,01,-.43,01,9900.00,99,9900.00,99
1998,2,23,23,30,.19,01,.65,01,-.47,01,9900.00,99,9900.00,99
1998,2,23,23,35,.11,01,.67,01,-.52,01,9900.00,99,9900.00,99
1998,2,23,23,40,.08,01,.59,01,-.55,01,9900.00,99,9900.00,99
1998,2,23,23,45,.12,01,.58,01,-.54,01,9900.00,99,9900.00,99
1998,2,23,23,50,.04,01,.59,01,-.60,01,9900.00,99,9900.00,99
1998,2,23,23,55,.06,01,.63,01,-.62,01,9900.00,99,9900.00,99
1998,2,24,0,0,.10,01,.59,01,-.66,01,9900.00,99,9900.00,99
1998,2,24,0,5,.12,01,.56,01,-.67,01,9900.00,99,9900.00,99
1998,2,24,0,10,.02,01,.59,01,-.68,01,9900.00,99,9900.00,99
1998,2,24,0,15,.09,01,.61,01,-.68,01,9900.00,99,9900.00,99
1998,2,24,0,20,.09,01,.57,01,-.72,01,9900.00,99,9900.00,99
1998,2,24,0,25,.07,01,.62,01,-.66,01,9900.00,99,9900.00,99
1998,2,24,0,30,.07,01,.62,01,-.72,01,9900.00,99,9900.00,99
1998,2,24,0,35,.04,01,.64,01,-.70,01,9900.00,99,9900.00,99
1998,2,24,0,40,.05,01,.65,01,-.68,01,9900.00,99,9900.00,99
1998,2,24,0,45,.06,01,.60,01,-.76,01,9900.00,99,9900.00,99
1998,2,24,0,50,.05,01,.69,01,-.70,01,9900.00,99,9900.00,99
1998,2,24,0,55,.04,01,.64,01,-.72,01,9900.00,99,9900.00,99
1998,2,24,1,0,.07,01,.68,01,-.69,01,9900.00,99,9900.00,99
1998,2,24,1,5,.05,01,.66,01,-.64,01,9900.00,99,9900.00,99
1998,2,24,1,10,.05,01,.69,01,-.59,01,9900.00,99,9900.00,99
1998,2,24,1,15,.10,01,.69,01,-.48,01,9900.00,99,9900.00,99
1998,2,24,1,20,.24,01,.71,01,-.46,01,9900.00,99,9900.00,99
1998,2,24,1,25,.35,01,.73,01,-.44,01,9900.00,99,9900.00,99
1998,2,24,1,30,.38,01,.70,01,-.35,01,9900.00,99,9900.00,99
1998,2,24,1,35,.36,01,.71,01,-.39,01,9900.00,99,9900.00,99
1998,2,24,1,40,.33,01,.70,01,-.38,01,9900.00,99,9900.00,99
1998,2,24,1,45,.35,01,.71,01,-.38,01,9900.00,99,9900.00,99
1998,2,24,1,50,.30,01,.71,01,-.40,01,9900.00,99,9900.00,99
1998,2,24,1,55,.33,01,.70,01,-.37,01,9900.00,99,9900.00,99
1998,2,24,2,0,.29,01,.68,01,-.40,01,9900.00,99,9900.00,99
1998,2,24,2,5,.32,01,.69,01,-.38,01,9900.00,99,9900.00,99
1998,2,24,2,10,.29,01,.73,01,-.35,01,9900.00,99,9900.00,99
1998,2,24,2,15,.31,01,.71,01,-.36,01,9900.00,99,9900.00,99
1998,2,24,2,20,.26,01,.71,01,-.42,01,9900.00,99,9900.00,99
1998,2,24,2,25,.20,01,.72,01,-.39,01,9900.00,99,9900.00,99
1998,2,24,2,30,.27,01,.76,01,-.40,01,9900.00,99,9900.00,99
1998,2,24,2,35,.23,01,.73,01,-.41,01,9900.00,99,9900.00,99
1998,2,24,2,40,.24,01,.72,01,-.40,01,9900.00,99,9900.00,99
1998,2,24,2,45,.21,01,.73,01,-.40,01,9900.00,99,9900.00,99
1998,2,24,2,50,.17,01,.73,01,-.42,01,9900.00,99,9900.00,99
1998,2,24,2,55,.21,01,.75,01,-.41,01,9900.00,99,9900.00,99
1998,2,24,3,0,.22,01,.75,01,-.42,01,9900.00,99,9900.00,99
1998,2,24,3,5,.24,01,.78,01,-.38,01,9900.00,99,9900.00,99
1998,2,24,3,10,.20,01,.75,01,-.42,01,9900.00,99,9900.00,99
1998,2,24,3,15,.27,01,.73,01,-.41,01,9900.00,99,9900.00,99
1998,2,24,3,20,.27,01,.74,01,-.44,01,9900.00,99,9900.00,99
1998,2,24,3,25,.21,01,.76,01,-.42,01,9900.00,99,9900.00,99
1998,2,24,3,30,.24,01,.75,01,-.41,01,9900.00,99,9900.00,99
1998,2,24,3,35,.24,01,.74,01,-.45,01,9900.00,99,9900.00,99
1998,2,24,3,40,.23,01,.77,01,-.51,01,9900.00,99,9900.00,99
1998,2,24,3,45,.17,01,.75,01,-.44,01,9900.00,99,9900.00,99
1998,2,24,3,50,.20,01,.75,01,-.41,01,9900.00,99,9900.00,99
1998,2,24,3,55,.21,01,.70,01,-.46,01,9900.00,99,9900.00,99
1998,2,24,4,0,.23,01,.74,01,-.41,01,9900.00,99,9900.00,99
1998,2,24,4,5,.21,01,.82,01,-.42,01,9900.00,99,9900.00,99
1998,2,24,4,10,.26,01,.73,01,-.43,01,9900.00,99,9900.00,99
1998,2,24,4,15,.23,01,.74,01,-.42,01,9900.00,99,9900.00,99
1998,2,24,4,20,.21,01,.71,01,-.40,01,9900.00,99,9900.00,99
1998,2,24,4,25,.26,01,.71,01,-.40,01,9900.00,99,9900.00,99
1998,2,24,4,30,.29,01,.71,01,-.36,01,9900.00,99,9900.00,99
1998,2,24,4,35,.32,01,.72,01,-.25,01,9900.00,99,9900.00,99
1998,2,24,4,40,.24,01,.69,01,-.28,01,9900.00,99,9900.00,99
1998,2,24,4,45,.15,01,.69,01,-.33,01,9900.00,99,9900.00,99
1998,2,24,4,50,.05,01,.69,01,-.42,01,9900.00,99,9900.00,99
1998,2,24,4,55,.03,01,.66,01,-.48,01,9900.00,99,9900.00,99
1998,2,24,5,0,.04,01,.65,01,-.52,01,9900.00,99,9900.00,99
1998,2,24,5,5,.01,01,.58,01,-.64,01,9900.00,99,9900.00,99
1998,2,24,5,10,.05,01,.54,01,-.54,01,9900.00,99,9900.00,99
1998,2,24,5,15,.04,01,.55,01,-.56,01,9900.00,99,9900.00,99
1998,2,24,5,20,.07,01,.52,01,-.62,01,9900.00,99,9900.00,99
1998,2,24,5,25,.06,01,.57,01,-.55,01,9900.00,99,9900.00,99
1998,2,24,5,30,.06,01,.60,01,-.58,01,9900.00,99,9900.00,99
1998,2,24,5,35,.13,01,.56,01,-.53,01,9900.00,99,9900.00,99
1998,2,24,5,40,.19,01,.60,01,-.47,01,9900.00,99,9900.00,99
1998,2,24,5,45,.13,01,.62,01,-.49,01,9900.00,99,9900.00,99
1998,2,24,5,50,.09,01,.60,01,-.68,01,9900.00,99,9900.00,99
1998,2,24,5,55,.05,01,.62,01,-.66,01,9900.00,99,9900.00,99
1998,2,24,6,0,.05,01,.59,01,-.71,01,9900.00,99,9900.00,99
1998,2,24,6,5,.04,01,.58,01,-.78,01,9900.00,99,9900.00,99
1998,2,24,6,10,.06,01,.61,01,-.85,01,9900.00,99,9900.00,99
1998,2,24,6,15,.05,01,.61,01,-.87,01,9900.00,99,9900.00,99
1998,2,24,6,20,.04,01,.60,01,-1.01,01,9900.00,99,9900.00,99
1998,2,24,6,25,.04,01,.64,01,-1.09,01,9900.00,99,9900.00,99
1998,2,24,6,30,.01,01,.68,01,-1.17,01,9900.00,99,9900.00,99
1998,2,24,6,35,-.02,01,.66,01,-1.17,01,9900.00,99,9900.00,99
1998,2,24,6,40,-.05,01,.70,01,-1.19,01,9900.00,99,9900.00,99
1998,2,24,6,45,-.13,01,.70,01,-1.19,01,9900.00,99,9900.00,99
1998,2,24,6,50,-.32,01,.69,01,-1.19,01,9900.00,99,9900.00,99
1998,2,24,6,55,-.25,01,.73,01,-1.18,01,9900.00,99,9900.00,99
1998,2,24,7,0,-.15,01,.69,01,-1.18,01,9900.00,99,9900.00,99
1998,2,24,7,5,.18,01,.71,01,-.89,01,9900.00,99,9900.00,99
1998,2,24,7,10,.63,01,.70,01,-.53,01,9900.00,99,9900.00,99
1998,2,24,7,15,1.32,01,.77,01,.26,01,9900.00,99,9900.00,99
1998,2,24,7,20,2.54,01,.75,01,1.70,01,9900.00,99,9900.00,99
1998,2,24,7,25,5.09,01,.70,01,4.35,01,9900.00,99,9900.00,99
1998,2,24,7,30,4.35,01,.71,01,3.56,01,9900.00,99,9900.00,99
1998,2,24,7,35,7.14,01,.74,01,6.50,01,9900.00,99,9900.00,99
1998,2,24,7,40,13.15,01,.66,01,12.56,01,9900.00,99,9900.00,99
1998,2,24,7,45,17.77,01,.68,01,15.57,01,9900.00,99,9900.00,99
1998,2,24,7,50,18.23,01,.73,01,16.28,01,9900.00,99,9900.00,99
1998,2,24,7,55,16.30,01,.69,01,16.15,01,9900.00,99,9900.00,99
1998,2,24,8,0,19.99,01,.66,01,17.85,01,9900.00,99,9900.00,99
1998,2,24,8,5,26.19,03,.69,03,23.48,03,9900.00,99,9900.00,99
1998,2,24,8,10,24.77,03,.65,03,21.94,03,9900.00,99,9900.00,99
1998,2,24,8,15,33.61,03,.63,03,30.52,03,9900.00,99,9900.00,99
1998,2,24,8,20,24.90,09,.68,09,22.28,09,9900.00,99,9900.00,99
1998,2,24,8,25,29.83,03,.73,03,27.02,03,9900.00,99,9900.00,99
1998,2,24,8,30,32.64,03,.71,03,29.88,03,9900.00,99,9900.00,99
1998,2,24,8,35,35.42,03,.74,03,32.36,03,9900.00,99,9900.00,99
1998,2,24,8,40,39.15,03,.66,03,35.85,03,9900.00,99,9900.00,99
1998,2,24,8,45,48.13,03,.70,03,43.91,03,9900.00,99,9900.00,99
1998,2,24,8,50,48.15,03,.49,03,44.81,03,9900.00,99,9900.00,99
1998,2,24,8,55,52.35,03,.44,03,48.40,03,9900.00,99,9900.00,99
1998,2,24,9,0,64.57,03,.46,03,59.65,03,9900.00,99,9900.00,99
1998,2,24,9,5,67.11,03,.36,03,61.87,03,9900.00,99,9900.00,99
1998,2,24,9,10,81.17,03,.35,03,76.05,03,9900.00,99,9900.00,99
1998,2,24,9,15,67.47,03,.31,03,61.43,03,9900.00,99,9900.00,99
1998,2,24,9,20,86.84,03,.30,03,81.75,03,9900.00,99,9900.00,99
1998,2,24,9,25,82.15,03,.19,03,76.70,03,9900.00,99,9900.00,99
1998,2,24,9,30,107.82,03,.22,03,101.78,03,9900.00,99,9900.00,99
1998,2,24,9,35,130.52,03,.22,03,121.07,03,9900.00,99,9900.00,99
1998,2,24,9,40,150.31,03,.18,03,142.03,03,9900.00,99,9900.00,99
1998,2,24,9,45,154.20,03,.30,03,144.83,03,9900.00,99,9900.00,99
1998,2,24,9,50,118.47,03,.37,03,110.58,03,9900.00,99,9900.00,99
1998,2,24,9,55,140.26,03,.39,03,131.55,03,9900.00,99,9900.00,99
1998,2,24,10,0,123.62,03,.28,03,116.22,03,9900.00,99,9900.00,99
1998,2,24,10,5,141.65,03,.15,03,133.51,03,9900.00,99,9900.00,99
1998,2,24,10,10,186.96,03,-.30,03,176.72,03,9900.00,99,9900.00,99
1998,2,24,10,15,194.69,03,-.60,03,185.79,03,9900.00,99,9900.00,99
1998,2,24,10,20,135.99,03,-.98,03,127.84,03,9900.00,99,9900.00,99
1998,2,24,10,25,107.36,03,-.70,03,101.32,03,9900.00,99,9900.00,99
1998,2,24,10,30,91.53,03,-.68,03,86.08,03,9900.00,99,9900.00,99
1998,2,24,10,35,105.22,03,-.26,03,99.36,03,9900.00,99,9900.00,99
1998,2,24,10,40,85.61,03,-.09,03,80.51,03,9900.00,99,9900.00,99
1998,2,24,10,45,82.38,03,.10,03,77.85,03,9900.00,99,9900.00,99
1998,2,24,10,50,76.75,03,.10,03,71.08,03,9900.00,99,9900.00,99
1998,2,24,10,55,107.56,03,.17,03,101.70,03,9900.00,99,9900.00,99
1998,2,24,11,0,80.80,03,-.01,03,76.03,03,9900.00,99,9900.00,99
1998,2,24,11,5,78.25,03,.12,03,73.50,03,9900.00,99,9900.00,99
1998,2,24,11,10,104.73,03,.15,03,99.43,03,9900.00,99,9900.00,99
1998,2,24,11,15,102.34,03,.08,03,94.60,03,9900.00,99,9900.00,99
1998,2,24,11,20,101.12,03,.14,03,96.02,03,9900.00,99,9900.00,99
1998,2,24,11,25,149.12,03,.08,03,141.84,03,9900.00,99,9900.00,99
1998,2,24,11,30,91.30,03,-.01,03,86.35,03,9900.00,99,9900.00,99
1998,2,24,11,35,78.23,03,.19,03,73.53,03,9900.00,99,9900.00,99
1998,2,24,11,40,80.38,03,.31,03,75.97,03,9900.00,99,9900.00,99
1998,2,24,11,45,94.49,03,.44,03,89.72,03,9900.00,99,9900.00,99
1998,2,24,11,50,96.76,03,.50,03,92.09,03,9900.00,99,9900.00,99
1998,2,24,11,55,117.09,03,.43,03,111.26,03,9900.00,99,9900.00,99
1998,2,24,12,0,91.27,03,.32,03,86.38,03,9900.00,99,9900.00,99
1998,2,24,12,5,92.33,03,.37,03,87.41,03,9900.00,99,9900.00,99
1998,2,24,12,10,91.62,03,.21,03,87.07,03,9900.00,99,9900.00,99
1998,2,24,12,15,98.81,03,.27,03,94.46,03,9900.00,99,9900.00,99
1998,2,24,12,20,66.90,03,.28,03,63.74,03,9900.00,99,9900.00,99
1998,2,24,12,25,66.30,03,.37,03,62.79,03,9900.00,99,9900.00,99
1998,2,24,12,30,99.91,03,.57,03,96.21,03,9900.00,99,9900.00,99
1998,2,24,12,35,68.56,03,.52,03,64.53,03,9900.00,99,9900.00,99
1998,2,24,12,40,87.64,03,.63,03,83.49,03,9900.00,99,9900.00,99
1998,2,24,12,45,102.58,03,.66,03,97.51,03,9900.00,99,9900.00,99
1998,2,24,12,50,102.84,03,.67,03,97.89,03,9900.00,99,9900.00,99
1998,2,24,12,55,116.01,03,.77,03,110.71,03,9900.00,99,9900.00,99
1998,2,24,13,0,122.43,03,1.04,03,116.61,03,9900.00,99,9900.00,99
1998,2,24,13,5,142.72,03,1.03,03,135.88,03,9900.00,99,9900.00,99
1998,2,24,13,10,126.54,03,.97,03,119.98,03,9900.00,99,9900.00,99
1998,2,24,13,15,124.11,03,1.14,03,117.18,03,9900.00,99,9900.00,99
1998,2,24,13,20,101.23,03,1.09,03,95.66,03,9900.00,99,9900.00,99
1998,2,24,13,25,78.13,03,1.06,03,72.95,03,9900.00,99,9900.00,99
1998,2,24,13,30,99.91,03,1.11,03,94.45,03,9900.00,99,9900.00,99
1998,2,24,13,35,73.22,03,1.10,03,68.75,03,9900.00,99,9900.00,99
1998,2,24,13,40,76.77,03,1.04,03,72.00,03,9900.00,99,9900.00,99
1998,2,24,13,45,85.84,03,1.02,03,81.20,03,9900.00,99,9900.00,99
1998,2,24,13,50,62.23,03,1.05,03,58.57,03,9900.00,99,9900.00,99
1998,2,24,13,55,54.33,03,.93,03,50.76,03,9900.00,99,9900.00,99
1998,2,24,14,0,66.83,03,.94,03,63.35,03,9900.00,99,9900.00,99
1998,2,24,14,5,59.79,03,.86,03,56.22,03,9900.00,99,9900.00,99
1998,2,24,14,10,64.31,03,.82,03,60.64,03,9900.00,99,9900.00,99
1998,2,24,14,15,67.23,03,.82,03,63.54,03,9900.00,99,9900.00,99
1998,2,24,14,20,52.07,03,.85,03,49.19,03,9900.00,99,9900.00,99
1998,2,24,14,25,42.40,03,.82,03,40.00,03,9900.00,99,9900.00,99
1998,2,24,14,30,45.40,03,.87,03,42.89,03,9900.00,99,9900.00,99
1998,2,24,14,35,38.41,03,.87,03,36.16,03,9900.00,99,9900.00,99
1998,2,24,14,40,34.95,03,.77,03,32.75,03,9900.00,99,9900.00,99
1998,2,24,14,45,34.38,03,.75,03,32.28,03,9900.00,99,9900.00,99
1998,2,24,14,50,44.93,03,.83,03,42.41,03,9900.00,99,9900.00,99
1998,2,24,14,55,31.68,03,.80,03,29.88,03,9900.00,99,9900.00,99
1998,2,24,15,0,27.13,03,.78,03,25.43,03,9900.00,99,9900.00,99
1998,2,24,15,5,28.11,03,.79,03,26.54,03,9900.00,99,9900.00,99
1998,2,24,15,10,28.77,03,.84,03,27.01,03,9900.00,99,9900.00,99
1998,2,24,15,15,32.23,03,.89,03,30.48,03,9900.00,99,9900.00,99
1998,2,24,15,20,32.74,03,1.01,03,30.85,03,9900.00,99,9900.00,99
1998,2,24,15,25,30.96,03,1.05,03,29.09,03,9900.00,99,9900.00,99
1998,2,24,15,30,37.67,03,1.14,03,35.69,03,9900.00,99,9900.00,99
1998,2,24,15,35,36.95,03,1.15,03,34.83,03,9900.00,99,9900.00,99
1998,2,24,15,40,47.81,03,1.16,03,45.44,03,9900.00,99,9900.00,99
1998,2,24,15,45,47.80,03,1.28,03,45.41,03,9900.00,99,9900.00,99
1998,2,24,15,50,36.23,03,1.25,03,34.27,03,9900.00,99,9900.00,99
1998,2,24,15,55,37.85,03,1.24,03,35.95,03,9900.00,99,9900.00,99
1998,2,24,16,0,32.81,09,1.27,09,31.17,09,9900.00,99,9900.00,99
1998,2,24,16,5,27.35,09,1.24,09,25.78,09,9900.00,99,9900.00,99
1998,2,24,16,10,26.72,09,1.20,09,24.98,09,9900.00,99,9900.00,99
1998,2,24,16,15,23.27,09,1.14,09,21.62,09,9900.00,99,9900.00,99
1998,2,24,16,20,19.58,09,1.14,09,18.20,09,9900.00,99,9900.00,99
1998,2,24,16,25,26.58,09,1.18,09,25.11,09,9900.00,99,9900.00,99
1998,2,24,16,30,26.78,09,1.17,09,25.23,09,9900.00,99,9900.00,99
1998,2,24,16,35,35.41,09,1.18,09,33.93,09,9900.00,99,9900.00,99
1998,2,24,16,40,49.82,03,1.22,03,48.19,03,9900.00,99,9900.00,99
1998,2,24,16,45,44.09,03,1.29,03,42.17,03,9900.00,99,9900.00,99
1998,2,24,16,50,49.22,03,1.29,03,46.87,03,9900.00,99,9900.00,99
1998,2,24,16,55,58.02,03,1.33,03,55.45,03,9900.00,99,9900.00,99
1998,2,24,17,0,98.25,03,1.44,03,92.13,03,9900.00,99,9900.00,99
1998,2,24,17,5,50.03,03,1.43,03,47.49,03,9900.00,99,9900.00,99
1998,2,24,17,10,22.00,09,1.25,09,20.56,09,9900.00,99,9900.00,99
1998,2,24,17,15,13.79,09,1.19,09,12.47,09,9900.00,99,9900.00,99
1998,2,24,17,20,26.97,01,1.20,01,25.48,01,9900.00,99,9900.00,99
1998,2,24,17,25,32.64,01,1.25,01,30.94,01,9900.00,99,9900.00,99
1998,2,24,17,30,26.85,01,1.17,01,24.98,01,9900.00,99,9900.00,99
1998,2,24,17,35,19.99,01,1.18,01,18.28,01,9900.00,99,9900.00,99
1998,2,24,17,40,9.67,01,1.16,01,8.58,01,9900.00,99,9900.00,99
1998,2,24,17,45,6.30,01,1.16,01,5.80,01,9900.00,99,9900.00,99
1998,2,24,17,50,5.57,01,1.11,01,5.02,01,9900.00,99,9900.00,99
1998,2,24,17,55,3.85,01,1.14,01,3.41,01,9900.00,99,9900.00,99
1998,2,24,18,0,2.88,01,1.12,01,2.32,01,9900.00,99,9900.00,99
1998,2,24,18,5,3.34,01,1.09,01,3.05,01,9900.00,99,9900.00,99
1998,2,24,18,10,2.54,01,1.07,01,1.84,01,9900.00,99,9900.00,99
1998,2,24,18,15,2.23,01,1.12,01,1.54,01,9900.00,99,9900.00,99
1998,2,24,18,20,1.38,01,1.10,01,.86,01,9900.00,99,9900.00,99
1998,2,24,18,25,1.04,01,1.13,01,.30,01,9900.00,99,9900.00,99
1998,2,24,18,30,.72,01,1.14,01,-.01,01,9900.00,99,9900.00,99
1998,2,24,18,35,.51,01,1.13,01,-.13,01,9900.00,99,9900.00,99
1998,2,24,18,40,.58,01,1.15,01,-.12,01,9900.00,99,9900.00,99
1998,2,24,18,45,.60,01,1.14,01,-.03,01,9900.00,99,9900.00,99
1998,2,24,18,50,.30,01,1.10,01,-.25,01,9900.00,99,9900.00,99
1998,2,24,18,55,.04,01,1.13,01,-.56,01,9900.00,99,9900.00,99
1998,2,24,19,0,-.30,01,1.09,01,-.94,01,9900.00,99,9900.00,99
1998,2,24,19,5,-.67,01,1.07,01,-1.19,01,9900.00,99,9900.00,99
1998,2,24,19,10,-.78,01,1.04,01,-1.24,01,9900.00,99,9900.00,99
1998,2,24,19,15,-.80,01,1.02,01,-1.23,01,9900.00,99,9900.00,99
1998,2,24,19,20,-.68,01,1.09,01,-1.17,01,9900.00,99,9900.00,99
1998,2,24,19,25,-.77,01,1.04,01,-1.22,01,9900.00,99,9900.00,99
1998,2,24,19,30,-.76,01,1.03,01,-1.23,01,9900.00,99,9900.00,99
1998,2,24,19,35,-.68,01,1.07,01,-1.17,01,9900.00,99,9900.00,99
1998,2,24,19,40,-.72,01,1.00,01,-1.19,01,9900.00,99,9900.00,99
1998,2,24,19,45,-1.00,01,.99,01,-1.31,01,9900.00,99,9900.00,99
1998,2,24,19,50,-.81,01,.95,01,-1.21,01,9900.00,99,9900.00,99
1998,2,24,19,55,-.88,01,1.02,01,-1.26,01,9900.00,99,9900.00,99
1998,2,24,20,0,-.82,01,1.02,01,-1.31,01,9900.00,99,9900.00,99
1998,2,24,20,5,-1.31,01,.98,01,-1.82,01,9900.00,99,9900.00,99
1998,2,24,20,10,-1.41,01,.98,01,-1.87,01,9900.00,99,9900.00,99
1998,2,24,20,15,-1.54,01,.92,01,-2.02,01,9900.00,99,9900.00,99
1998,2,24,20,20,-1.63,01,.93,01,-2.01,01,9900.00,99,9900.00,99
1998,2,24,20,25,-2.26,01,.89,01,-2.60,01,9900.00,99,9900.00,99
1998,2,24,20,30,-2.21,01,.89,01,-2.50,01,9900.00,99,9900.00,99
1998,2,24,20,35,-2.21,01,.94,01,-2.48,01,9900.00,99,9900.00,99
1998,2,24,20,40,-2.22,01,.97,01,-2.54,01,9900.00,99,9900.00,99
1998,2,24,20,45,-2.63,01,.93,01,-2.86,01,9900.00,99,9900.00,99
1998,2,24,20,50,-2.89,01,.89,01,-3.06,01,9900.00,99,9900.00,99
1998,2,24,20,55,-2.90,01,.91,01,-2.78,01,9900.00,99,9900.00,99
1998,2,24,21,0,-2.91,01,1.04,01,-2.93,01,9900.00,99,9900.00,99
1998,2,24,21,5,-2.93,01,1.05,01,-3.08,01,9900.00,99,9900.00,99
1998,2,24,21,10,-2.51,01,1.18,01,-2.69,01,9900.00,99,9900.00,99
1998,2,24,21,15,-2.26,01,1.18,01,-2.45,01,9900.00,99,9900.00,99
1998,2,24,21,20,-2.40,01,1.07,01,-2.43,01,9900.00,99,9900.00,99
1998,2,24,21,25,-2.54,01,.98,01,-2.76,01,9900.00,99,9900.00,99
1998,2,24,21,30,-2.28,01,.99,01,-2.70,01,9900.00,99,9900.00,99
1998,2,24,21,35,-2.46,01,.99,01,-2.73,01,9900.00,99,9900.00,99
1998,2,24,21,40,-2.21,01,.97,01,-2.49,01,9900.00,99,9900.00,99
1998,2,24,21,45,-2.21,01,1.00,01,-2.40,01,9900.00,99,9900.00,99
1998,2,24,21,50,-2.19,01,1.00,01,-2.31,01,9900.00,99,9900.00,99
1998,2,24,21,55,-2.21,01,1.00,01,-2.43,01,9900.00,99,9900.00,99
1998,2,24,22,0,-2.27,01,1.00,01,-2.62,01,9900.00,99,9900.00,99
1998,2,24,22,5,-2.18,01,1.05,01,-2.28,01,9900.00,99,9900.00,99
1998,2,24,22,10,-2.03,01,1.09,01,-2.02,01,9900.00,99,9900.00,99
1998,2,24,22,15,-2.04,01,1.05,01,-1.99,01,9900.00,99,9900.00,99
1998,2,24,22,20,-2.20,01,1.00,01,-2.35,01,9900.00,99,9900.00,99
1998,2,24,22,25,-2.23,01,1.01,01,-2.52,01,9900.00,99,9900.00,99
1998,2,24,22,30,-1.65,01,1.03,01,-1.76,01,9900.00,99,9900.00,99
1998,2,24,22,35,-.65,01,1.15,01,-.97,01,9900.00,99,9900.00,99
1998,2,24,22,40,.01,01,1.19,01,-.28,01,9900.00,99,9900.00,99
1998,2,24,22,45,.12,01,1.16,01,-.19,01,9900.00,99,9900.00,99
1998,2,24,22,50,-.19,01,1.16,01,-.81,01,9900.00,99,9900.00,99
1998,2,24,22,55,-.56,01,1.13,01,-1.05,01,9900.00,99,9900.00,99
1998,2,24,23,0,-.55,01,1.14,01,-.98,01,9900.00,99,9900.00,99
1998,2,24,23,5,-.26,01,1.15,01,-.79,01,9900.00,99,9900.00,99
1998,2,24,23,10,-.12,01,1.15,01,-.56,01,9900.00,99,9900.00,99
1998,2,24,23,15,.01,01,1.18,01,-.32,01,9900.00,99,9900.00,99
1998,2,24,23,20,-.02,01,1.14,01,-.59,01,9900.00,99,9900.00,99
1998,2,24,23,25,-.22,01,1.12,01,-.77,01,9900.00,99,9900.00,99
1998,2,24,23,30,-.10,01,1.14,01,-.62,01,9900.00,99,9900.00,99
1998,2,24,23,35,.09,01,1.18,01,-.15,01,9900.00,99,9900.00,99
1998,2,24,23,40,.11,01,1.16,01,-.06,01,9900.00,99,9900.00,99
1998,2,24,23,45,.07,01,1.14,01,-.14,01,9900.00,99,9900.00,99
1998,2,24,23,50,.04,01,1.13,01,-.36,01,9900.00,99,9900.00,99
1998,2,24,23,55,.01,01,1.12,01,-.32,01,9900.00,99,9900.00,99
1998,2,25,0,0,.06,01,1.14,01,-.23,01,9900.00,99,9900.00,99
1998,2,25,0,5,.07,01,1.16,01,-.15,01,9900.00,99,9900.00,99
1998,2,25,0,10,.09,01,1.15,01,-.07,01,9900.00,99,9900.00,99
1998,2,25,0,15,.07,01,1.17,01,-.13,01,9900.00,99,9900.00,99
1998,2,25,0,20,.07,01,1.16,01,-.17,01,9900.00,99,9900.00,99
1998,2,25,0,25,.06,01,1.15,01,-.13,01,9900.00,99,9900.00,99
1998,2,25,0,30,.16,01,1.18,01,-.05,01,9900.00,99,9900.00,99
1998,2,25,0,35,.09,01,1.17,01,-.19,01,9900.00,99,9900.00,99
1998,2,25,0,40,.10,01,1.17,01,-.16,01,9900.00,99,9900.00,99
1998,2,25,0,45,.04,01,1.13,01,-.40,01,9900.00,99,9900.00,99
1998,2,25,0,50,.04,01,1.16,01,-.28,01,9900.00,99,9900.00,99
1998,2,25,0,55,.14,01,1.13,01,-.09,01,9900.00,99,9900.00,99
1998,2,25,1,0,.18,01,1.14,01,-.05,01,9900.00,99,9900.00,99
1998,2,25,1,5,.15,01,1.14,01,-.10,01,9900.00,99,9900.00,99
1998,2,25,1,10,.13,01,1.16,01,-.09,01,9900.00,99,9900.00,99
1998,2,25,1,15,.19,01,1.14,01,-.01,01,9900.00,99,9900.00,99
1998,2,25,1,20,.05,01,1.17,01,-.21,01,9900.00,99,9900.00,99
1998,2,25,1,25,.10,01,1.13,01,-.18,01,9900.00,99,9900.00,99
1998,2,25,1,30,.12,01,1.15,01,-.11,01,9900.00,99,9900.00,99
1998,2,25,1,35,.16,01,1.14,01,-.09,01,9900.00,99,9900.00,99
1998,2,25,1,40,.14,01,1.18,01,-.13,01,9900.00,99,9900.00,99
1998,2,25,1,45,.20,01,1.16,01,-.09,01,9900.00,99,9900.00,99
1998,2,25,1,50,.12,01,1.13,01,-.11,01,9900.00,99,9900.00,99
1998,2,25,1,55,.09,01,1.13,01,-.23,01,9900.00,99,9900.00,99
1998,2,25,2,0,.10,01,1.16,01,-.18,01,9900.00,99,9900.00,99
1998,2,25,2,5,.10,01,1.13,01,-.17,01,9900.00,99,9900.00,99
1998,2,25,2,10,.08,01,1.13,01,-.23,01,9900.00,99,9900.00,99
1998,2,25,2,15,.07,01,1.15,01,-.20,01,9900.00,99,9900.00,99
1998,2,25,2,20,.06,01,1.15,01,-.25,01,9900.00,99,9900.00,99
1998,2,25,2,25,.05,01,1.13,01,-.26,01,9900.00,99,9900.00,99
1998,2,25,2,30,.06,01,1.16,01,-.26,01,9900.00,99,9900.00,99
1998,2,25,2,35,.10,01,1.18,01,-.21,01,9900.00,99,9900.00,99
1998,2,25,2,40,.05,01,1.13,01,-.26,01,9900.00,99,9900.00,99
1998,2,25,2,45,.03,01,1.16,01,-.36,01,9900.00,99,9900.00,99
1998,2,25,2,50,0.00,01,1.15,01,-.41,01,9900.00,99,9900.00,99
1998,2,25,2,55,-.03,01,1.16,01,-.54,01,9900.00,99,9900.00,99
1998,2,25,3,0,.03,01,1.17,01,-.25,01,9900.00,99,9900.00,99
1998,2,25,3,5,.07,01,1.15,01,-.15,01,9900.00,99,9900.00,99
1998,2,25,3,10,-.20,01,1.18,01,-.68,01,9900.00,99,9900.00,99
1998,2,25,3,15,-.23,01,1.22,01,-.70,01,9900.00,99,9900.00,99
1998,2,25,3,20,.02,01,1.21,01,-.36,01,9900.00,99,9900.00,99
1998,2,25,3,25,-.48,01,1.18,01,-.90,01,9900.00,99,9900.00,99
1998,2,25,3,30,-.28,01,1.18,01,-.76,01,9900.00,99,9900.00,99
1998,2,25,3,35,.01,01,1.20,01,-.29,01,9900.00,99,9900.00,99
1998,2,25,3,40,-.01,01,1.18,01,-.34,01,9900.00,99,9900.00,99
1998,2,25,3,45,-.05,01,1.20,01,-.44,01,9900.00,99,9900.00,99
1998,2,25,3,50,.07,01,1.18,01,-.19,01,9900.00,99,9900.00,99
1998,2,25,3,55,.07,01,1.20,01,-.15,01,9900.00,99,9900.00,99
1998,2,25,4,0,.07,01,1.20,01,-.25,01,9900.00,99,9900.00,99
1998,2,25,4,5,.05,01,1.20,01,-.19,01,9900.00,99,9900.00,99
1998,2,25,4,10,0.00,01,1.19,01,-.44,01,9900.00,99,9900.00,99
1998,2,25,4,15,-.26,01,1.18,01,-.81,01,9900.00,99,9900.00,99
1998,2,25,4,20,-.07,01,1.21,01,-.70,01,9900.00,99,9900.00,99
1998,2,25,4,25,-.02,01,1.22,01,-.43,01,9900.00,99,9900.00,99
1998,2,25,4,30,-.07,01,1.22,01,-.51,01,9900.00,99,9900.00,99
1998,2,25,4,35,-1.21,01,1.17,01,-1.52,01,9900.00,99,9900.00,99
1998,2,25,4,40,-.90,01,1.18,01,-1.21,01,9900.00,99,9900.00,99
1998,2,25,4,45,-.60,01,1.25,01,-.98,01,9900.00,99,9900.00,99
1998,2,25,4,50,-.67,01,1.18,01,-1.10,01,9900.00,99,9900.00,99
1998,2,25,4,55,-.29,01,1.20,01,-.82,01,9900.00,99,9900.00,99
1998,2,25,5,0,-.25,01,1.19,01,-.81,01,9900.00,99,9900.00,99
1998,2,25,5,5,-.46,01,1.19,01,-.87,01,9900.00,99,9900.00,99
1998,2,25,5,10,-.59,01,1.19,01,-.99,01,9900.00,99,9900.00,99
1998,2,25,5,15,-.65,01,1.20,01,-1.01,01,9900.00,99,9900.00,99
1998,2,25,5,20,-1.05,01,1.16,01,-1.29,01,9900.00,99,9900.00,99
1998,2,25,5,25,-1.52,01,1.18,01,-1.85,01,9900.00,99,9900.00,99
1998,2,25,5,30,-1.46,01,1.18,01,-1.84,01,9900.00,99,9900.00,99
1998,2,25,5,35,-1.19,01,1.20,01,-1.32,01,9900.00,99,9900.00,99
1998,2,25,5,40,-.94,01,1.20,01,-1.20,01,9900.00,99,9900.00,99
1998,2,25,5,45,-.80,01,1.19,01,-1.17,01,9900.00,99,9900.00,99
1998,2,25,5,50,-.72,01,1.18,01,-1.20,01,9900.00,99,9900.00,99
1998,2,25,5,55,-.90,01,1.17,01,-1.20,01,9900.00,99,9900.00,99
1998,2,25,6,0,-.85,01,1.18,01,-1.19,01,9900.00,99,9900.00,99
1998,2,25,6,5,-.70,01,1.22,01,-1.16,01,9900.00,99,9900.00,99
1998,2,25,6,10,-1.15,01,1.19,01,-1.46,01,9900.00,99,9900.00,99
1998,2,25,6,15,-1.04,01,1.20,01,-1.26,01,9900.00,99,9900.00,99
1998,2,25,6,20,-.94,01,1.20,01,-1.23,01,9900.00,99,9900.00,99
1998,2,25,6,25,-.94,01,1.19,01,-1.25,01,9900.00,99,9900.00,99
1998,2,25,6,30,-.47,01,1.16,01,-.92,01,9900.00,99,9900.00,99
1998,2,25,6,35,-.75,01,1.18,01,-1.19,01,9900.00,99,9900.00,99
1998,2,25,6,40,-1.62,01,1.16,01,-1.81,01,9900.00,99,9900.00,99
1998,2,25,6,45,-1.93,01,1.14,01,-2.14,01,9900.00,99,9900.00,99
1998,2,25,6,50,-1.85,01,1.13,01,-2.17,01,9900.00,99,9900.00,99
1998,2,25,6,55,-.74,01,1.18,01,-.98,01,9900.00,99,9900.00,99
1998,2,25,7,0,.65,01,1.16,01,.35,01,9900.00,99,9900.00,99
1998,2,25,7,5,2.31,01,1.14,01,2.08,01,9900.00,99,9900.00,99
1998,2,25,7,10,4.09,01,1.13,01,3.58,01,9900.00,99,9900.00,99
1998,2,25,7,15,5.75,01,1.14,01,5.65,01,9900.00,99,9900.00,99
1998,2,25,7,20,9.29,01,1.15,01,8.51,01,9900.00,99,9900.00,99
1998,2,25,7,25,13.93,01,1.16,01,12.94,01,9900.00,99,9900.00,99
1998,2,25,7,30,18.81,01,1.14,01,17.64,01,9900.00,99,9900.00,99
1998,2,25,7,35,24.81,01,1.11,01,23.03,01,9900.00,99,9900.00,99
1998,2,25,7,40,25.22,01,1.09,01,23.19,01,9900.00,99,9900.00,99
1998,2,25,7,45,31.78,01,1.07,01,28.99,01,9900.00,99,9900.00,99
1998,2,25,7,50,35.73,01,1.06,01,32.35,01,9900.00,99,9900.00,99
1998,2,25,7,55,49.42,01,1.05,01,45.80,01,9900.00,99,9900.00,99
1998,2,25,8,0,53.58,01,1.00,01,49.49,01,9900.00,99,9900.00,99
1998,2,25,8,5,56.55,03,1.00,03,53.08,03,9900.00,99,9900.00,99
1998,2,25,8,10,70.39,03,.98,03,66.07,03,9900.00,99,9900.00,99
1998,2,25,8,15,78.19,03,.93,03,73.47,03,9900.00,99,9900.00,99
1998,2,25,8,20,83.09,03,.95,03,77.51,03,9900.00,99,9900.00,99
1998,2,25,8,25,106.50,03,.89,03,100.68,03,9900.00,99,9900.00,99
1998,2,25,8,30,137.15,03,.99,03,129.88,03,9900.00,99,9900.00,99
1998,2,25,8,35,200.34,03,1.11,03,191.49,03,9900.00,99,9900.00,99
1998,2,25,8,40,196.91,11,.75,10,184.51,10,9900.00,99,9900.00,99
1998,2,25,8,45,178.18,11,.55,10,164.14,10,9900.00,99,9900.00,99
1998,2,25,8,50,169.43,03,.30,03,158.76,03,9900.00,99,9900.00,99
1998,2,25,8,55,229.81,11,.17,10,217.57,10,9900.00,99,9900.00,99
1998,2,25,9,0,205.97,11,.19,10,191.30,10,9900.00,99,9900.00,99
1998,2,25,9,5,235.74,15,.47,14,216.96,14,9900.00,99,9900.00,99
1998,2,25,9,10,375.68,53,.98,52,356.49,08,9900.00,99,9900.00,99
1998,2,25,9,15,273.46,11,.66,10,256.03,10,9900.00,99,9900.00,99
1998,2,25,9,20,368.64,15,.65,14,347.57,14,9900.00,99,9900.00,99
1998,2,25,9,25,353.71,11,.18,10,334.58,10,9900.00,99,9900.00,99
1998,2,25,9,30,359.53,11,.21,10,341.57,10,9900.00,99,9900.00,99
1998,2,25,9,35,417.33,09,.37,09,401.36,09,9900.00,99,9900.00,99
1998,2,25,9,40,498.38,61,.26,60,481.30,08,9900.00,99,9900.00,99
1998,2,25,9,45,539.01,73,.24,72,524.97,08,9900.00,99,9900.00,99
1998,2,25,9,50,514.75,57,.59,56,503.13,08,9900.00,99,9900.00,99
1998,2,25,9,55,540.31,65,-.23,64,531.40,08,9900.00,99,9900.00,99
1998,2,25,10,0,604.72,89,.46,88,596.55,08,9900.00,99,9900.00,99
1998,2,25,10,5,431.68,03,-.17,03,422.04,03,9900.00,99,9900.00,99
1998,2,25,10,10,578.78,65,.60,64,574.55,08,9900.00,99,9900.00,99
1998,2,25,10,15,581.82,61,.42,60,579.01,08,9900.00,99,9900.00,99
1998,2,25,10,20,626.04,73,-.46,72,623.29,08,9900.00,99,9900.00,99
1998,2,25,10,25,605.72,61,0.00,60,600.76,08,9900.00,99,9900.00,99
1998,2,25,10,30,623.48,65,.44,64,623.06,08,9900.00,99,9900.00,99
1998,2,25,10,35,623.88,61,.37,60,626.12,08,9900.00,99,9900.00,99
1998,2,25,10,40,636.60,61,-.01,60,638.24,08,9900.00,99,9900.00,99
1998,2,25,10,45,639.13,61,.28,60,639.86,08,9900.00,99,9900.00,99
1998,2,25,10,50,650.35,61,.89,60,652.10,08,9900.00,99,9900.00,99
1998,2,25,10,55,662.22,61,.92,60,665.08,08,9900.00,99,9900.00,99
1998,2,25,11,0,676.61,65,.75,64,681.69,08,9900.00,99,9900.00,99
1998,2,25,11,5,678.44,61,.64,60,683.05,08,9900.00,99,9900.00,99
1998,2,25,11,10,692.21,65,.66,64,698.54,08,9900.00,99,9900.00,99
1998,2,25,11,15,701.31,65,.51,64,707.79,08,9900.00,99,9900.00,99
1998,2,25,11,20,703.07,65,.78,64,710.15,08,9900.00,99,9900.00,99
1998,2,25,11,25,715.90,69,.34,68,723.65,08,9900.00,99,9900.00,99
1998,2,25,11,30,723.70,69,.06,68,731.06,08,9900.00,99,9900.00,99
1998,2,25,11,35,731.26,69,.60,68,739.14,08,9900.00,99,9900.00,99
1998,2,25,11,40,736.20,69,.38,68,744.46,08,9900.00,99,9900.00,99
1998,2,25,11,45,743.29,69,.58,68,752.11,08,9900.00,99,9900.00,99
1998,2,25,11,50,749.66,69,.86,68,759.08,08,9900.00,99,9900.00,99
1998,2,25,11,55,753.73,69,1.05,68,763.62,08,9900.00,99,9900.00,99
1998,2,25,12,0,758.42,73,1.03,72,768.75,08,9900.00,99,9900.00,99
1998,2,25,12,5,762.53,69,13.13,68,773.25,08,9900.00,99,9900.00,99
1998,2,25,12,10,763.29,69,2.04,68,774.43,08,9900.00,99,9900.00,99
1998,2,25,12,15,761.06,69,2.23,68,772.28,08,9900.00,99,9900.00,99
1998,2,25,12,20,765.30,69,1.48,68,776.43,08,9900.00,99,9900.00,99
1998,2,25,12,25,767.20,69,.97,68,778.78,08,9900.00,99,9900.00,99
1998,2,25,12,30,764.74,69,1.04,68,776.10,08,9900.00,99,9900.00,99
1998,2,25,12,35,768.95,69,1.17,68,781.11,08,9900.00,99,9900.00,99
1998,2,25,12,40,765.69,69,1.25,68,777.78,08,9900.00,99,9900.00,99
1998,2,25,12,45,760.75,65,1.14,64,772.60,08,9900.00,99,9900.00,99
1998,2,25,12,50,759.88,65,1.57,64,772.15,08,9900.00,99,9900.00,99
1998,2,25,12,55,758.41,65,2.12,64,771.97,08,9900.00,99,9900.00,99
1998,2,25,13,0,757.54,65,1.87,64,771.54,08,9900.00,99,9900.00,99
1998,2,25,13,5,756.99,69,1.09,68,771.50,08,9900.00,99,9900.00,99
1998,2,25,13,10,750.51,65,1.14,64,765.65,08,9900.00,99,9900.00,99
1998,2,25,13,15,748.60,65,1.00,64,763.77,08,9900.00,99,9900.00,99
1998,2,25,13,20,745.90,65,.69,64,761.83,08,9900.00,99,9900.00,99
1998,2,25,13,25,740.27,65,1.32,64,756.59,08,9900.00,99,9900.00,99
1998,2,25,13,30,735.08,65,1.37,64,751.90,08,9900.00,99,9900.00,99
1998,2,25,13,35,727.76,65,1.28,64,745.38,08,9900.00,99,9900.00,99
1998,2,25,13,40,725.61,65,1.18,64,744.02,08,9900.00,99,9900.00,99
1998,2,25,13,45,715.28,61,.86,60,733.37,08,9900.00,99,9900.00,99
1998,2,25,13,50,704.58,61,.60,60,722.52,08,9900.00,99,9900.00,99
1998,2,25,13,55,697.98,61,1.09,60,716.94,08,9900.00,99,9900.00,99
1998,2,25,14,0,692.50,61,1.20,60,712.03,08,9900.00,99,9900.00,99
1998,2,25,14,5,687.40,61,.27,60,707.18,08,9900.00,99,9900.00,99
1998,2,25,14,10,675.72,57,.78,56,695.03,08,9900.00,99,9900.00,99
1998,2,25,14,15,670.61,57,.41,56,689.74,08,9900.00,99,9900.00,99
1998,2,25,14,20,658.52,57,.96,56,676.70,08,9900.00,99,9900.00,99
1998,2,25,14,25,652.34,57,1.37,56,670.40,08,9900.00,99,9900.00,99
1998,2,25,14,30,650.23,61,1.16,60,668.90,08,9900.00,99,9900.00,99
1998,2,25,14,35,620.25,53,.89,52,635.96,08,9900.00,99,9900.00,99
1998,2,25,14,40,615.70,53,1.19,52,631.82,08,9900.00,99,9900.00,99
1998,2,25,14,45,609.93,53,.84,52,624.96,08,9900.00,99,9900.00,99
1998,2,25,14,50,595.83,53,.62,52,609.74,08,9900.00,99,9900.00,99
1998,2,25,14,55,586.57,53,1.32,52,600.52,08,9900.00,99,9900.00,99
1998,2,25,15,0,573.04,53,.86,52,587.14,08,9900.00,99,9900.00,99
1998,2,25,15,5,557.13,53,.56,52,569.22,08,9900.00,99,9900.00,99
1998,2,25,15,10,535.16,45,.27,44,546.67,08,9900.00,99,9900.00,99
1998,2,25,15,15,530.67,49,.32,48,541.04,08,9900.00,99,9900.00,99
1998,2,25,15,20,507.87,41,.69,40,515.64,08,9900.00,99,9900.00,99
1998,2,25,15,25,509.29,49,.76,48,516.59,08,9900.00,99,9900.00,99
1998,2,25,15,30,488.90,45,.64,44,496.44,08,9900.00,99,9900.00,99
1998,2,25,15,35,471.30,41,.89,40,477.78,08,9900.00,99,9900.00,99
1998,2,25,15,40,443.18,33,.89,32,448.35,08,9900.00,99,9900.00,99
1998,2,25,15,45,408.33,09,.59,09,410.73,09,9900.00,99,9900.00,99
1998,2,25,15,50,390.46,03,.36,03,390.10,03,9900.00,99,9900.00,99
1998,2,25,15,55,351.98,03,.20,03,347.49,03,9900.00,99,9900.00,99
1998,2,25,16,0,374.78,09,.89,09,370.62,09,9900.00,99,9900.00,99
1998,2,25,16,5,319.93,03,.77,03,315.56,03,9900.00,99,9900.00,99
1998,2,25,16,10,348.24,41,.69,40,343.98,08,9900.00,99,9900.00,99
1998,2,25,16,15,275.33,03,.69,03,271.08,03,9900.00,99,9900.00,99
1998,2,25,16,20,239.56,03,.55,03,232.20,03,9900.00,99,9900.00,99
1998,2,25,16,25,244.00,03,.43,03,235.54,03,9900.00,99,9900.00,99
1998,2,25,16,30,229.57,03,.36,03,221.23,03,9900.00,99,9900.00,99
1998,2,25,16,35,181.14,03,.73,03,171.56,03,9900.00,99,9900.00,99
1998,2,25,16,40,149.69,03,.91,03,138.95,03,9900.00,99,9900.00,99
1998,2,25,16,45,206.30,11,1.25,10,196.61,10,9900.00,99,9900.00,99
1998,2,25,16,50,232.13,09,1.52,09,224.14,09,9900.00,99,9900.00,99
1998,2,25,16,55,270.26,77,1.84,76,264.28,08,9900.00,99,9900.00,99
1998,2,25,17,0,183.39,03,1.14,03,177.46,03,9900.00,99,9900.00,99
1998,2,25,17,5,161.04,03,1.02,03,155.94,03,9900.00,99,9900.00,99
1998,2,25,17,10,133.33,03,1.00,03,128.36,03,9900.00,99,9900.00,99
1998,2,25,17,15,163.06,09,1.10,09,158.58,09,9900.00,99,9900.00,99
1998,2,25,17,20,130.45,01,1.02,01,117.90,01,9900.00,99,9900.00,99
1998,2,25,17,25,142.01,01,1.09,01,138.86,08,9900.00,99,9900.00,99
1998,2,25,17,30,100.40,01,.97,01,98.65,01,9900.00,99,9900.00,99
1998,2,25,17,35,68.93,01,.62,01,67.67,01,9900.00,99,9900.00,99
1998,2,25,17,40,71.31,01,.75,01,70.59,01,9900.00,99,9900.00,99
1998,2,25,17,45,36.22,01,.46,01,34.96,01,9900.00,99,9900.00,99
1998,2,25,17,50,24.01,01,.17,01,22.79,01,9900.00,99,9900.00,99
1998,2,25,17,55,25.80,01,.21,01,25.12,01,9900.00,99,9900.00,99
1998,2,25,18,0,18.05,01,.14,01,17.55,01,9900.00,99,9900.00,99
1998,2,25,18,5,10.57,01,.28,01,10.00,01,9900.00,99,9900.00,99
1998,2,25,18,10,3.88,01,.37,01,3.86,01,9900.00,99,9900.00,99
1998,2,25,18,15,-2.36,01,.30,01,-2.03,01,9900.00,99,9900.00,99
1998,2,25,18,20,-5.93,01,.23,01,-5.68,01,9900.00,99,9900.00,99
1998,2,25,18,25,-5.47,01,.35,01,-5.19,01,9900.00,99,9900.00,99
1998,2,25,18,30,-6.30,01,.41,01,-6.21,01,9900.00,99,9900.00,99
1998,2,25,18,35,-6.73,01,.46,01,-6.41,01,9900.00,99,9900.00,99
1998,2,25,18,40,-6.53,01,.66,01,-6.33,01,9900.00,99,9900.00,99
1998,2,25,18,45,-7.05,01,.49,01,-6.53,01,9900.00,99,9900.00,99
1998,2,25,18,50,-7.50,01,.35,01,-7.37,01,9900.00,99,9900.00,99
1998,2,25,18,55,-7.84,01,.28,01,-7.46,01,9900.00,99,9900.00,99
1998,2,25,19,0,-8.08,01,.17,01,-7.54,01,9900.00,99,9900.00,99
1998,2,25,19,5,-8.05,01,.08,01,-7.56,01,9900.00,99,9900.00,99
1998,2,25,19,10,-8.05,01,.12,01,-7.59,01,9900.00,99,9900.00,99
1998,2,25,19,15,-8.02,01,.11,01,-7.54,01,9900.00,99,9900.00,99
1998,2,25,19,20,-7.90,01,.14,01,-7.03,01,9900.00,99,9900.00,99
1998,2,25,19,25,-7.24,01,.19,01,-6.70,01,9900.00,99,9900.00,99
1998,2,25,19,30,-6.60,01,.30,01,-6.35,01,9900.00,99,9900.00,99
1998,2,25,19,35,-6.56,01,.33,01,-6.36,01,9900.00,99,9900.00,99
1998,2,25,19,40,-6.44,01,.27,01,-6.15,01,9900.00,99,9900.00,99
1998,2,25,19,45,-6.49,01,.21,01,-6.15,01,9900.00,99,9900.00,99
1998,2,25,19,50,-6.53,01,.19,01,-6.25,01,9900.00,99,9900.00,99
1998,2,25,19,55,-5.88,01,.28,01,-5.61,01,9900.00,99,9900.00,99
1998,2,25,20,0,-5.88,01,.23,01,-5.86,01,9900.00,99,9900.00,99
1998,2,25,20,5,-5.88,01,.22,01,-5.91,01,9900.00,99,9900.00,99
1998,2,25,20,10,-5.78,01,.28,01,-5.18,01,9900.00,99,9900.00,99
1998,2,25,20,15,-5.82,01,.30,01,-5.17,01,9900.00,99,9900.00,99
1998,2,25,20,20,-5.86,01,.18,01,-5.65,01,9900.00,99,9900.00,99
1998,2,25,20,25,-5.42,01,.30,01,-5.13,01,9900.00,99,9900.00,99
1998,2,25,20,30,-4.58,01,.39,01,-4.39,01,9900.00,99,9900.00,99
1998,2,25,20,35,-5.35,01,.37,01,-5.13,01,9900.00,99,9900.00,99
1998,2,25,20,40,-5.61,01,.33,01,-5.18,01,9900.00,99,9900.00,99
1998,2,25,20,45,-5.63,01,.30,01,-5.17,01,9900.00,99,9900.00,99
1998,2,25,20,50,-5.44,01,.28,01,-5.04,01,9900.00,99,9900.00,99
1998,2,25,20,55,-4.96,01,.26,01,-4.56,01,9900.00,99,9900.00,99
1998,2,25,21,0,-4.94,01,.33,01,-4.72,01,9900.00,99,9900.00,99
1998,2,25,21,5,-5.05,01,.32,01,-4.80,01,9900.00,99,9900.00,99
1998,2,25,21,10,-5.51,01,.30,01,-5.17,01,9900.00,99,9900.00,99
1998,2,25,21,15,-5.56,01,.24,01,-5.17,01,9900.00,99,9900.00,99
1998,2,25,21,20,-5.52,01,.15,01,-5.17,01,9900.00,99,9900.00,99
1998,2,25,21,25,-5.85,01,.02,01,-5.50,01,9900.00,99,9900.00,99
1998,2,25,21,30,-5.69,01,.01,01,-5.18,01,9900.00,99,9900.00,99
1998,2,25,21,35,-5.67,01,.12,01,-5.25,01,9900.00,99,9900.00,99
1998,2,25,21,40,-4.97,01,.24,01,-4.92,01,9900.00,99,9900.00,99
1998,2,25,21,45,-4.80,01,.23,01,-4.86,01,9900.00,99,9900.00,99
1998,2,25,21,50,-4.73,01,.28,01,-4.93,01,9900.00,99,9900.00,99
1998,2,25,21,55,-4.67,01,.28,01,-4.60,01,9900.00,99,9900.00,99
1998,2,25,22,0,-4.47,01,.32,01,-4.40,01,9900.00,99,9900.00,99
1998,2,25,22,5,-4.37,01,.39,01,-4.29,01,9900.00,99,9900.00,99
1998,2,25,22,10,-4.72,01,.37,01,-4.53,01,9900.00,99,9900.00,99
1998,2,25,22,15,-4.68,01,.33,01,-4.37,01,9900.00,99,9900.00,99
1998,2,25,22,20,-4.48,01,.30,01,-4.38,01,9900.00,99,9900.00,99
1998,2,25,22,25,-4.36,01,.33,01,-4.26,01,9900.00,99,9900.00,99
1998,2,25,22,30,-4.35,01,.36,01,-4.31,01,9900.00,99,9900.00,99
1998,2,25,22,35,-4.57,01,.35,01,-4.48,01,9900.00,99,9900.00,99
1998,2,25,22,40,-4.64,01,.28,01,-4.63,01,9900.00,99,9900.00,99
1998,2,25,22,45,-5.13,01,.19,01,-5.17,01,9900.00,99,9900.00,99
1998,2,25,22,50,-4.99,01,.18,01,-5.10,01,9900.00,99,9900.00,99
1998,2,25,22,55,-4.10,01,.24,01,-4.05,01,9900.00,99,9900.00,99
1998,2,25,23,0,-3.63,01,.31,01,-3.58,01,9900.00,99,9900.00,99
1998,2,25,23,5,-3.19,01,.40,01,-3.31,01,9900.00,99,9900.00,99
1998,2,25,23,10,-2.69,01,.40,01,-2.71,01,9900.00,99,9900.00,99
1998,2,25,23,15,-2.89,01,.50,01,-2.98,01,9900.00,99,9900.00,99
1998,2,25,23,20,-2.76,01,.61,01,-2.84,01,9900.00,99,9900.00,99
1998,2,25,23,25,-2.63,01,.62,01,-2.74,01,9900.00,99,9900.00,99
1998,2,25,23,30,-2.58,01,.78,01,-2.78,01,9900.00,99,9900.00,99
1998,2,25,23,35,-2.44,01,.93,01,-2.76,01,9900.00,99,9900.00,99
1998,2,25,23,40,-2.74,01,.96,01,-2.87,01,9900.00,99,9900.00,99
1998,2,25,23,45,-3.07,01,.52,01,-3.42,01,9900.00,99,9900.00,99
1998,2,25,23,50,-3.80,01,.34,01,-4.13,01,9900.00,99,9900.00,99
1998,2,25,23,55,-4.52,01,.21,01,-4.93,01,9900.00,99,9900.00,99
1998,2,26,0,0,-4.54,01,-.01,01,-4.93,01,9900.00,99,9900.00,99
1998,2,26,0,5,-4.91,01,-.21,01,-5.12,01,9900.00,99,9900.00,99
1998,2,26,0,10,-5.45,01,-.29,01,-5.56,01,9900.00,99,9900.00,99
1998,2,26,0,15,-5.72,01,-.33,01,-5.93,01,9900.00,99,9900.00,99
1998,2,26,0,20,-4.81,01,-.11,01,-4.92,01,9900.00,99,9900.00,99
1998,2,26,0,25,-4.55,01,-.03,01,-4.84,01,9900.00,99,9900.00,99
1998,2,26,0,30,-4.47,01,.05,01,-4.56,01,9900.00,99,9900.00,99
1998,2,26,0,35,-4.01,01,.27,01,-4.17,01,9900.00,99,9900.00,99
1998,2,26,0,40,-3.39,01,.36,01,-3.58,01,9900.00,99,9900.00,99
1998,2,26,0,45,-3.08,01,.44,01,-3.34,01,9900.00,99,9900.00,99
1998,2,26,0,50,-2.97,01,.48,01,-3.37,01,9900.00,99,9900.00,99
1998,2,26,0,55,-2.95,01,.64,01,-3.17,01,9900.00,99,9900.00,99
1998,2,26,1,0,-2.93,01,.78,01,-3.15,01,9900.00,99,9900.00,99
1998,2,26,1,5,-2.93,01,.78,01,-3.23,01,9900.00,99,9900.00,99
1998,2,26,1,10,-3.29,01,.51,01,-3.56,01,9900.00,99,9900.00,99
1998,2,26,1,15,-3.19,01,.41,01,-3.54,01,9900.00,99,9900.00,99
1998,2,26,1,20,-2.94,01,.41,01,-3.38,01,9900.00,99,9900.00,99
1998,2,26,1,25,-2.97,01,.41,01,-3.55,01,9900.00,99,9900.00,99
1998,2,26,1,30,-3.03,01,.39,01,-3.58,01,9900.00,99,9900.00,99
1998,2,26,1,35,-3.33,01,.37,01,-3.60,01,9900.00,99,9900.00,99
1998,2,26,1,40,-3.66,01,.30,01,-4.03,01,9900.00,99,9900.00,99
1998,2,26,1,45,-3.54,01,.39,01,-3.91,01,9900.00,99,9900.00,99
1998,2,26,1,50,-2.94,01,.49,01,-3.27,01,9900.00,99,9900.00,99
1998,2,26,1,55,-2.92,01,.51,01,-3.20,01,9900.00,99,9900.00,99
1998,2,26,2,0,-3.07,01,.42,01,-3.56,01,9900.00,99,9900.00,99
1998,2,26,2,5,-2.92,01,.53,01,-3.14,01,9900.00,99,9900.00,99
1998,2,26,2,10,-2.93,01,.41,01,-3.20,01,9900.00,99,9900.00,99
1998,2,26,2,15,-3.07,01,.41,01,-3.54,01,9900.00,99,9900.00,99
1998,2,26,2,20,-3.25,01,.41,01,-3.57,01,9900.00,99,9900.00,99
1998,2,26,2,25,-3.15,01,.43,01,-3.53,01,9900.00,99,9900.00,99
1998,2,26,2,30,-3.01,01,.44,01,-3.52,01,9900.00,99,9900.00,99
1998,2,26,2,35,-2.97,01,.52,01,-3.45,01,9900.00,99,9900.00,99
1998,2,26,2,40,-3.46,01,.42,01,-3.63,01,9900.00,99,9900.00,99
1998,2,26,2,45,-4.09,01,.32,01,-4.37,01,9900.00,99,9900.00,99
1998,2,26,2,50,-4.32,01,.20,01,-4.58,01,9900.00,99,9900.00,99
1998,2,26,2,55,-3.40,01,.34,01,-3.85,01,9900.00,99,9900.00,99
1998,2,26,3,0,-2.93,01,.37,01,-3.46,01,9900.00,99,9900.00,99
1998,2,26,3,5,-3.22,01,.37,01,-3.60,01,9900.00,99,9900.00,99
1998,2,26,3,10,-3.31,01,.37,01,-3.58,01,9900.00,99,9900.00,99
1998,2,26,3,15,-2.94,01,.42,01,-3.33,01,9900.00,99,9900.00,99
1998,2,26,3,20,-2.79,01,.67,01,-2.97,01,9900.00,99,9900.00,99
1998,2,26,3,25,-2.93,01,.60,01,-3.15,01,9900.00,99,9900.00,99
1998,2,26,3,30,-2.91,01,.55,01,-3.18,01,9900.00,99,9900.00,99
1998,2,26,3,35,-2.93,01,.51,01,-3.32,01,9900.00,99,9900.00,99
1998,2,26,3,40,-2.93,01,.50,01,-3.31,01,9900.00,99,9900.00,99
1998,2,26,3,45,-3.82,01,.34,01,-4.17,01,9900.00,99,9900.00,99
1998,2,26,3,50,-4.73,01,.02,01,-5.15,01,9900.00,99,9900.00,99
1998,2,26,3,55,-5.00,01,-.21,01,-5.17,01,9900.00,99,9900.00,99
1998,2,26,4,0,-4.37,01,-.14,01,-4.77,01,9900.00,99,9900.00,99
1998,2,26,4,5,-3.33,01,.12,01,-3.70,01,9900.00,99,9900.00,99
1998,2,26,4,10,-2.93,01,.34,01,-3.42,01,9900.00,99,9900.00,99
1998,2,26,4,15,-2.73,01,.44,01,-2.97,01,9900.00,99,9900.00,99
1998,2,26,4,20,-2.34,01,.55,01,-2.78,01,9900.00,99,9900.00,99
1998,2,26,4,25,-2.18,01,.73,01,-2.74,01,9900.00,99,9900.00,99
1998,2,26,4,30,-2.18,01,.61,01,-2.67,01,9900.00,99,9900.00,99
1998,2,26,4,35,-2.44,01,.58,01,-2.78,01,9900.00,99,9900.00,99
1998,2,26,4,40,-2.68,01,.49,01,-2.82,01,9900.00,99,9900.00,99
1998,2,26,4,45,-3.10,01,.35,01,-3.41,01,9900.00,99,9900.00,99
1998,2,26,4,50,-3.40,01,.13,01,-3.59,01,9900.00,99,9900.00,99
1998,2,26,4,55,-3.61,01,.10,01,-3.80,01,9900.00,99,9900.00,99
1998,2,26,5,0,-3.79,01,.10,01,-4.20,01,9900.00,99,9900.00,99
1998,2,26,5,5,-4.21,01,.15,01,-4.43,01,9900.00,99,9900.00,99
1998,2,26,5,10,-3.85,01,.21,01,-4.20,01,9900.00,99,9900.00,99
1998,2,26,5,15,-3.40,01,.33,01,-3.59,01,9900.00,99,9900.00,99
1998,2,26,5,20,-3.27,01,.38,01,-3.60,01,9900.00,99,9900.00,99
1998,2,26,5,25,-3.21,01,.44,01,-3.61,01,9900.00,99,9900.00,99
1998,2,26,5,30,-2.93,01,.44,01,-3.27,01,9900.00,99,9900.00,99
1998,2,26,5,35,-2.91,01,-.05,01,-3.16,01,9900.00,99,9900.00,99
1998,2,26,5,40,-2.79,01,-.24,01,-3.15,01,9900.00,99,9900.00,99
1998,2,26,5,45,-2.27,01,.29,01,-2.63,01,9900.00,99,9900.00,99
1998,2,26,5,50,-1.68,01,.31,01,-2.00,01,9900.00,99,9900.00,99
1998,2,26,5,55,-1.48,01,.19,01,-1.99,01,9900.00,99,9900.00,99
1998,2,26,6,0,-1.49,01,.07,01,-1.97,01,9900.00,99,9900.00,99
1998,2,26,6,5,-1.67,01,.02,01,-2.03,01,9900.00,99,9900.00,99
1998,2,26,6,10,-1.63,01,-.01,01,-2.03,01,9900.00,99,9900.00,99
1998,2,26,6,15,-1.48,01,-.01,01,-1.97,01,9900.00,99,9900.00,99
1998,2,26,6,20,-1.48,01,-.02,01,-1.86,01,9900.00,99,9900.00,99
1998,2,26,6,25,-1.86,01,-.05,01,-2.14,01,9900.00,99,9900.00,99
1998,2,26,6,30,-2.18,01,-.23,01,-2.66,01,9900.00,99,9900.00,99
1998,2,26,6,35,-2.19,01,-.29,01,-2.63,01,9900.00,99,9900.00,99
1998,2,26,6,40,-2.08,01,-.35,01,-2.32,01,9900.00,99,9900.00,99
1998,2,26,6,45,-2.39,01,-.32,01,-2.80,01,9900.00,99,9900.00,99
1998,2,26,6,50,-1.94,01,-.39,01,-2.48,01,9900.00,99,9900.00,99
1998,2,26,6,55,-1.79,01,-.43,01,-2.23,01,9900.00,99,9900.00,99
1998,2,26,7,0,-1.62,01,-.69,01,-2.19,01,9900.00,99,9900.00,99
1998,2,26,7,5,-.35,01,-.80,01,-1.05,01,9900.00,99,9900.00,99
1998,2,26,7,10,2.07,01,-.62,01,1.50,01,9900.00,99,9900.00,99
1998,2,26,7,15,4.39,01,-.63,01,3.98,01,9900.00,99,9900.00,99
1998,2,26,7,20,7.41,01,-.42,01,7.30,01,9900.00,99,9900.00,99
1998,2,26,7,25,13.25,01,-.38,01,11.79,01,9900.00,99,9900.00,99
1998,2,26,7,30,22.36,01,-.30,01,20.26,01,9900.00,99,9900.00,99
1998,2,26,7,35,23.77,01,-.32,01,21.79,01,9900.00,99,9900.00,99
1998,2,26,7,40,23.46,01,-.36,01,21.51,01,9900.00,99,9900.00,99
1998,2,26,7,45,76.09,01,-.39,01,71.93,01,9900.00,99,9900.00,99
1998,2,26,7,50,105.56,01,-.71,01,100.66,01,9900.00,99,9900.00,99
1998,2,26,7,55,123.44,01,1.11,01,117.42,01,9900.00,99,9900.00,99
1998,2,26,8,0,143.70,11,2.26,10,136.94,10,9900.00,99,9900.00,99
1998,2,26,8,5,163.96,09,1.25,09,159.17,09,9900.00,99,9900.00,99
1998,2,26,8,10,175.38,91,.56,90,51.49,90,9900.00,99,9900.00,99
1998,2,26,8,15,147.86,91,-1.52,90,47.47,90,9900.00,99,9900.00,99
1998,2,26,8,20,108.37,75,-1.54,74,45.94,74,9900.00,99,9900.00,99
1998,2,26,8,25,122.62,31,191.03,30,47.56,30,9900.00,99,9900.00,99
1998,2,26,8,30,203.66,03,562.37,03,52.98,03,9900.00,99,9900.00,99
1998,2,26,8,35,259.96,10,740.39,11,58.24,11,9900.00,99,9900.00,99
1998,2,26,8,40,275.05,03,742.04,03,63.04,03,9900.00,99,9900.00,99
1998,2,26,8,45,296.54,03,754.70,03,70.85,03,9900.00,99,9900.00,99
1998,2,26,8,50,313.23,10,754.56,11,76.51,11,9900.00,99,9900.00,99
1998,2,26,8,55,338.55,03,784.97,03,79.16,03,9900.00,99,9900.00,99
1998,2,26,9,0,353.80,03,793.35,03,79.35,03,9900.00,99,9900.00,99
1998,2,26,9,5,372.06,03,811.70,03,78.01,03,9900.00,99,9900.00,99
1998,2,26,9,10,381.02,03,813.68,03,74.72,03,9900.00,99,9900.00,99
1998,2,26,9,15,389.13,03,813.11,03,72.27,03,9900.00,99,9900.00,99
1998,2,26,9,20,400.08,03,820.05,03,68.92,03,9900.00,99,9900.00,99
1998,2,26,9,25,416.99,03,844.26,03,66.49,03,9900.00,99,9900.00,99
1998,2,26,9,30,433.98,03,864.02,03,66.13,03,9900.00,99,9900.00,99
1998,2,26,9,35,454.97,03,888.05,03,66.97,03,9900.00,99,9900.00,99
1998,2,26,9,40,468.83,03,899.09,03,65.49,03,9900.00,99,9900.00,99
1998,2,26,9,45,476.97,03,898.47,03,62.85,03,9900.00,99,9900.00,99
1998,2,26,9,50,487.29,03,899.10,03,61.75,03,9900.00,99,9900.00,99
1998,2,26,9,55,499.60,03,904.00,03,61.52,03,9900.00,99,9900.00,99
1998,2,26,10,0,513.88,03,913.68,03,60.91,03,9900.00,99,9900.00,99
1998,2,26,10,5,530.26,03,921.94,03,61.77,03,9900.00,99,9900.00,99
1998,2,26,10,10,540.85,03,916.31,03,63.63,03,9900.00,99,9900.00,99
1998,2,26,10,15,560.78,03,933.38,03,65.28,03,9900.00,99,9900.00,99
1998,2,26,10,20,572.79,03,932.92,03,67.58,03,9900.00,99,9900.00,99
1998,2,26,10,25,587.52,03,937.37,03,70.85,03,9900.00,99,9900.00,99
1998,2,26,10,30,600.71,03,940.52,03,73.48,03,9900.00,99,9900.00,99
1998,2,26,10,35,614.40,03,946.43,03,73.78,03,9900.00,99,9900.00,99
1998,2,26,10,40,614.03,03,933.52,03,72.24,03,9900.00,99,9900.00,99
1998,2,26,10,45,626.65,03,944.29,03,70.69,03,9900.00,99,9900.00,99
1998,2,26,10,50,634.73,03,945.79,03,69.89,03,9900.00,99,9900.00,99
1998,2,26,10,55,641.52,03,943.59,03,70.57,03,9900.00,99,9900.00,99
1998,2,26,11,0,649.97,03,943.70,03,72.04,03,9900.00,99,9900.00,99
1998,2,26,11,5,657.23,03,941.59,03,73.66,03,9900.00,99,9900.00,99
1998,2,26,11,10,667.95,03,946.79,03,74.55,03,9900.00,99,9900.00,99
1998,2,26,11,15,677.03,03,949.48,03,74.85,03,9900.00,99,9900.00,99
1998,2,26,11,20,684.47,03,950.74,03,74.89,03,9900.00,99,9900.00,99
1998,2,26,11,25,692.01,03,955.05,03,74.19,03,9900.00,99,9900.00,99
1998,2,26,11,30,698.37,03,955.29,03,74.50,03,9900.00,99,9900.00,99
1998,2,26,11,35,705.03,03,968.83,03,74.43,03,9900.00,99,9900.00,99
1998,2,26,11,40,712.00,03,972.12,03,75.39,03,9900.00,99,9900.00,99
1998,2,26,11,45,715.45,03,969.18,03,76.32,03,9900.00,99,9900.00,99
1998,2,26,11,50,720.47,03,972.22,03,76.97,03,9900.00,99,9900.00,99
1998,2,26,11,55,725.61,03,974.49,03,77.56,03,9900.00,99,9900.00,99
1998,2,26,12,0,729.82,03,972.34,03,79.76,03,9900.00,99,9900.00,99
1998,2,26,12,5,728.61,03,959.77,03,83.73,03,9900.00,99,9900.00,99
1998,2,26,12,10,734.53,03,961.75,03,86.66,03,9900.00,99,9900.00,99
1998,2,26,12,15,736.22,03,954.80,03,90.38,03,9900.00,99,9900.00,99
1998,2,26,12,20,724.40,03,928.57,03,92.78,03,9900.00,99,9900.00,99
1998,2,26,12,25,722.45,03,919.03,03,94.22,03,9900.00,99,9900.00,99
1998,2,26,12,30,700.27,03,888.65,03,92.17,03,9900.00,99,9900.00,99
1998,2,26,12,35,690.98,03,877.49,03,91.50,03,9900.00,99,9900.00,99
1998,2,26,12,40,682.67,03,861.25,03,93.83,03,9900.00,99,9900.00,99
1998,2,26,12,45,681.52,03,864.45,03,93.36,03,9900.00,99,9900.00,99
1998,2,26,12,50,682.91,03,874.60,03,89.57,03,9900.00,99,9900.00,99
1998,2,26,12,55,677.98,03,876.25,03,84.05,03,9900.00,99,9900.00,99
1998,2,26,13,0,671.51,03,869.35,03,82.85,03,9900.00,99,9900.00,99
1998,2,26,13,5,663.80,03,862.14,03,81.80,03,9900.00,99,9900.00,99
1998,2,26,13,10,658.64,03,859.77,03,80.35,03,9900.00,99,9900.00,99
1998,2,26,13,15,658.79,03,864.08,03,79.64,03,9900.00,99,9900.00,99
1998,2,26,13,20,657.17,03,866.29,03,78.43,03,9900.00,99,9900.00,99
1998,2,26,13,25,663.91,03,880.38,03,78.95,03,9900.00,99,9900.00,99
1998,2,26,13,30,667.29,03,889.12,03,79.17,03,9900.00,99,9900.00,99
1998,2,26,13,35,674.66,03,906.04,03,79.51,03,9900.00,99,9900.00,99
1998,2,26,13,40,682.03,03,917.90,03,83.09,03,9900.00,99,9900.00,99
1998,2,26,13,45,687.44,03,924.98,03,88.48,03,9900.00,99,9900.00,99
1998,2,26,13,50,700.19,03,936.58,03,98.68,03,9900.00,99,9900.00,99
1998,2,26,13,55,585.25,03,740.13,03,99.59,03,9900.00,99,9900.00,99
1998,2,26,14,0,543.12,03,665.46,03,97.72,03,9900.00,99,9900.00,99
1998,2,26,14,5,601.20,03,758.38,03,109.53,03,9900.00,99,9900.00,99
1998,2,26,14,10,677.79,03,897.44,03,116.72,03,9900.00,99,9900.00,99
1998,2,26,14,15,660.02,03,883.46,03,112.97,03,9900.00,99,9900.00,99
1998,2,26,14,20,655.49,03,893.85,03,109.52,03,9900.00,99,9900.00,99
1998,2,26,14,25,585.90,03,783.16,03,106.28,03,9900.00,99,9900.00,99
1998,2,26,14,30,606.52,03,828.04,03,109.46,03,9900.00,99,9900.00,99
1998,2,26,14,35,599.11,03,822.94,03,116.40,03,9900.00,99,9900.00,99
1998,2,26,14,40,613.32,03,852.16,03,125.33,03,9900.00,99,9900.00,99
1998,2,26,14,45,575.71,03,795.89,03,126.37,03,9900.00,99,9900.00,99
1998,2,26,14,50,516.31,03,689.62,03,128.44,03,9900.00,99,9900.00,99
1998,2,26,14,55,476.27,03,611.63,03,134.87,03,9900.00,99,9900.00,99
1998,2,26,15,0,350.66,03,361.70,03,138.95,03,9900.00,99,9900.00,99
1998,2,26,15,5,244.90,11,127.43,10,157.40,10,9900.00,99,9900.00,99
1998,2,26,15,10,391.36,03,346.02,03,203.02,03,9900.00,99,9900.00,99
1998,2,26,15,15,414.94,03,349.03,03,237.66,03,9900.00,99,9900.00,99
1998,2,26,15,20,505.40,10,580.78,11,224.63,11,9900.00,99,9900.00,99
1998,2,26,15,25,463.04,03,545.66,03,197.74,03,9900.00,99,9900.00,99
1998,2,26,15,30,385.05,03,404.81,03,190.72,03,9900.00,99,9900.00,99
1998,2,26,15,35,396.90,03,477.41,03,175.50,03,9900.00,99,9900.00,99
1998,2,26,15,40,256.58,03,172.97,03,166.14,03,9900.00,99,9900.00,99
1998,2,26,15,45,401.61,03,491.55,03,188.79,03,9900.00,99,9900.00,99
1998,2,26,15,50,513.55,22,733.42,23,226.63,23,9900.00,99,9900.00,99
1998,2,26,15,55,462.33,22,748.03,23,177.89,23,9900.00,99,9900.00,99
1998,2,26,16,0,392.68,18,746.72,19,113.56,19,9900.00,99,9900.00,99
1998,2,26,16,5,361.72,18,750.28,19,90.63,19,9900.00,99,9900.00,99
1998,2,26,16,10,334.80,18,724.75,19,83.43,19,9900.00,99,9900.00,99
1998,2,26,16,15,326.35,18,725.26,19,83.57,19,9900.00,99,9900.00,99
1998,2,26,16,20,313.09,18,729.62,19,81.88,19,9900.00,99,9900.00,99
1998,2,26,16,25,288.67,22,702.05,23,78.25,23,9900.00,99,9900.00,99
1998,2,26,16,30,272.32,22,696.30,23,73.80,23,9900.00,99,9900.00,99
1998,2,26,16,35,256.02,22,680.52,23,70.29,23,9900.00,99,9900.00,99
1998,2,26,16,40,241.93,22,664.45,23,68.02,23,9900.00,99,9900.00,99
1998,2,26,16,45,222.48,18,631.58,19,64.12,19,9900.00,99,9900.00,99
1998,2,26,16,50,196.27,14,559.49,15,60.94,15,9900.00,99,9900.00,99
1998,2,26,16,55,186.10,14,553.27,15,59.05,15,9900.00,99,9900.00,99
1998,2,26,17,0,171.32,10,530.79,11,57.58,11,9900.00,99,9900.00,99
1998,2,26,17,5,158.37,14,520.30,15,54.91,15,9900.00,99,9900.00,99
1998,2,26,17,10,121.72,10,375.15,11,51.91,11,9900.00,99,9900.00,99
1998,2,26,17,15,80.07,03,181.39,03,49.08,03,9900.00,99,9900.00,99
1998,2,26,17,20,88.42,03,271.62,03,47.06,03,9900.00,99,9900.00,99
1998,2,26,17,25,56.66,01,107.71,01,40.36,01,9900.00,99,9900.00,99
1998,2,26,17,30,38.26,01,7.90,01,36.92,01,9900.00,99,9900.00,99
1998,2,26,17,35,34.29,01,-.86,01,30.44,01,9900.00,99,9900.00,99
1998,2,26,17,40,30.25,01,-1.31,01,28.05,01,9900.00,99,9900.00,99
1998,2,26,17,45,22.01,01,-1.64,01,21.08,01,9900.00,99,9900.00,99
1998,2,26,17,50,15.30,01,-1.22,01,14.77,01,9900.00,99,9900.00,99
1998,2,26,17,55,9.94,01,-.79,01,9.76,01,9900.00,99,9900.00,99
1998,2,26,18,0,7.77,01,-1.17,01,7.16,01,9900.00,99,9900.00,99
1998,2,26,18,5,5.51,01,-1.24,01,5.24,01,9900.00,99,9900.00,99
1998,2,26,18,10,1.13,01,-1.49,01,1.29,01,9900.00,99,9900.00,99
1998,2,26,18,15,-1.15,01,-1.43,01,-1.02,01,9900.00,99,9900.00,99
1998,2,26,18,20,-2.18,01,-1.34,01,-2.09,01,9900.00,99,9900.00,99
1998,2,26,18,25,-2.94,01,-1.42,01,-2.89,01,9900.00,99,9900.00,99
1998,2,26,18,30,-3.47,01,-1.86,01,-3.25,01,9900.00,99,9900.00,99
1998,2,26,18,35,-3.49,01,-1.96,01,-3.34,01,9900.00,99,9900.00,99
1998,2,26,18,40,-4.27,01,-1.80,01,-3.73,01,9900.00,99,9900.00,99
1998,2,26,18,45,-4.63,01,-1.71,01,-4.21,01,9900.00,99,9900.00,99
1998,2,26,18,50,-4.97,01,-1.67,01,-4.52,01,9900.00,99,9900.00,99
1998,2,26,18,55,-5.18,01,-1.62,01,-4.75,01,9900.00,99,9900.00,99
1998,2,26,19,0,-5.23,01,-1.59,01,-4.85,01,9900.00,99,9900.00,99
1998,2,26,19,5,-5.17,01,-1.49,01,-5.02,01,9900.00,99,9900.00,99
1998,2,26,19,10,-4.57,01,-1.39,01,-4.19,01,9900.00,99,9900.00,99
1998,2,26,19,15,-4.24,01,-1.41,01,-3.71,01,9900.00,99,9900.00,99
1998,2,26,19,20,-4.56,01,-1.41,01,-4.00,01,9900.00,99,9900.00,99
1998,2,26,19,25,-4.98,01,-1.45,01,-4.35,01,9900.00,99,9900.00,99
1998,2,26,19,30,-4.17,01,-1.49,01,-3.64,01,9900.00,99,9900.00,99
1998,2,26,19,35,-4.74,01,-1.40,01,-4.25,01,9900.00,99,9900.00,99
1998,2,26,19,40,-4.99,01,-1.50,01,-4.67,01,9900.00,99,9900.00,99
1998,2,26,19,45,-4.11,01,-1.34,01,-3.91,01,9900.00,99,9900.00,99
1998,2,26,19,50,-3.60,01,-1.30,01,-3.42,01,9900.00,99,9900.00,99
1998,2,26,19,55,-4.00,01,-1.41,01,-3.57,01,9900.00,99,9900.00,99
1998,2,26,20,0,-3.73,01,-1.63,01,-3.54,01,9900.00,99,9900.00,99
1998,2,26,20,5,-3.95,01,-1.43,01,-3.56,01,9900.00,99,9900.00,99
1998,2,26,20,10,-3.73,01,-1.34,01,-3.45,01,9900.00,99,9900.00,99
1998,2,26,20,15,-3.69,01,-1.36,01,-3.45,01,9900.00,99,9900.00,99
1998,2,26,20,20,-4.63,01,-1.41,01,-4.36,01,9900.00,99,9900.00,99
1998,2,26,20,25,-4.76,01,-1.39,01,-4.48,01,9900.00,99,9900.00,99
1998,2,26,20,30,-4.97,01,-1.38,01,-4.64,01,9900.00,99,9900.00,99
1998,2,26,20,35,-5.20,01,-1.27,01,-4.83,01,9900.00,99,9900.00,99
1998,2,26,20,40,-4.98,01,-1.31,01,-4.46,01,9900.00,99,9900.00,99
1998,2,26,20,45,-4.54,01,-1.25,01,-4.08,01,9900.00,99,9900.00,99
1998,2,26,20,50,-4.60,01,-1.26,01,-4.27,01,9900.00,99,9900.00,99
1998,2,26,20,55,-4.30,01,-1.32,01,-3.87,01,9900.00,99,9900.00,99
1998,2,26,21,0,-4.63,01,-1.27,01,-4.28,01,9900.00,99,9900.00,99
1998,2,26,21,5,-4.48,01,-1.31,01,-4.12,01,9900.00,99,9900.00,99
1998,2,26,21,10,-4.08,01,-1.21,01,-3.77,01,9900.00,99,9900.00,99
1998,2,26,21,15,-3.13,01,-1.97,01,-3.19,01,9900.00,99,9900.00,99
1998,2,26,21,20,-3.44,01,-1.90,01,-3.38,01,9900.00,99,9900.00,99
1998,2,26,21,25,-3.72,01,-1.77,01,-3.57,01,9900.00,99,9900.00,99
1998,2,26,21,30,-3.02,01,-1.99,01,-3.01,01,9900.00,99,9900.00,99
1998,2,26,21,35,-2.99,01,-1.85,01,-3.18,01,9900.00,99,9900.00,99
1998,2,26,21,40,-2.91,01,-1.77,01,-2.83,01,9900.00,99,9900.00,99
1998,2,26,21,45,-2.95,01,-1.74,01,-2.97,01,9900.00,99,9900.00,99
1998,2,26,21,50,-2.91,01,-1.63,01,-2.86,01,9900.00,99,9900.00,99
1998,2,26,21,55,-2.91,01,-1.75,01,-2.89,01,9900.00,99,9900.00,99
1998,2,26,22,0,-2.92,01,-1.61,01,-2.93,01,9900.00,99,9900.00,99
1998,2,26,22,5,-2.64,01,-1.56,01,-2.70,01,9900.00,99,9900.00,99
1998,2,26,22,10,-2.49,01,-1.56,01,-2.65,01,9900.00,99,9900.00,99
1998,2,26,22,15,-2.27,01,-1.62,01,-2.23,01,9900.00,99,9900.00,99
1998,2,26,22,20,-2.55,01,-1.66,01,-2.62,01,9900.00,99,9900.00,99
1998,2,26,22,25,-2.32,01,-1.69,01,-2.33,01,9900.00,99,9900.00,99
1998,2,26,22,30,-2.17,01,-1.62,01,-2.07,01,9900.00,99,9900.00,99
1998,2,26,22,35,-2.26,01,-1.61,01,-2.42,01,9900.00,99,9900.00,99
1998,2,26,22,40,-2.19,01,-1.62,01,-2.27,01,9900.00,99,9900.00,99
1998,2,26,22,45,-2.49,01,-1.71,01,-2.50,01,9900.00,99,9900.00,99
1998,2,26,22,50,-2.58,01,-1.74,01,-2.58,01,9900.00,99,9900.00,99
1998,2,26,22,55,-2.18,01,-1.77,01,-2.21,01,9900.00,99,9900.00,99
1998,2,26,23,0,-2.19,01,-1.77,01,-2.19,01,9900.00,99,9900.00,99
1998,2,26,23,5,-2.52,01,-1.72,01,-2.60,01,9900.00,99,9900.00,99
1998,2,26,23,10,-2.14,01,-1.75,01,-2.23,01,9900.00,99,9900.00,99
1998,2,26,23,15,-2.19,01,-1.74,01,-2.17,01,9900.00,99,9900.00,99
1998,2,26,23,20,-2.27,01,-1.74,01,-2.28,01,9900.00,99,9900.00,99
1998,2,26,23,25,-2.20,01,-1.72,01,-2.19,01,9900.00,99,9900.00,99
1998,2,26,23,30,-2.19,01,-1.92,01,-2.18,01,9900.00,99,9900.00,99
1998,2,26,23,35,-1.80,01,-1.78,01,-1.73,01,9900.00,99,9900.00,99
1998,2,26,23,40,-1.91,01,-1.80,01,-1.87,01,9900.00,99,9900.00,99
1998,2,26,23,45,-1.75,01,-1.79,01,-1.70,01,9900.00,99,9900.00,99
1998,2,26,23,50,-1.65,01,-1.83,01,-1.59,01,9900.00,99,9900.00,99
1998,2,26,23,55,-1.88,01,-1.75,01,-2.00,01,9900.00,99,9900.00,99
1998,2,27,0,0,-2.13,01,-1.83,01,-2.27,01,9900.00,99,9900.00,99
1998,2,27,0,5,-2.21,01,-1.79,01,-2.38,01,9900.00,99,9900.00,99
1998,2,27,0,10,-1.97,01,-1.72,01,-2.05,01,9900.00,99,9900.00,99
1998,2,27,0,15,-1.83,01,-1.76,01,-1.94,01,9900.00,99,9900.00,99
1998,2,27,0,20,-2.18,01,-1.75,01,-2.19,01,9900.00,99,9900.00,99
1998,2,27,0,25,-1.82,01,-1.59,01,-1.82,01,9900.00,99,9900.00,99
1998,2,27,0,30,-1.69,01,-1.74,01,-1.77,01,9900.00,99,9900.00,99
1998,2,27,0,35,-2.18,01,-2.00,01,-2.18,01,9900.00,99,9900.00,99
1998,2,27,0,40,-2.19,01,-4.01,01,-2.14,01,9900.00,99,9900.00,99
1998,2,27,0,45,-1.96,01,-3.47,01,-1.91,01,9900.00,99,9900.00,99
1998,2,27,0,50,-1.70,01,-3.40,01,-1.87,01,9900.00,99,9900.00,99
1998,2,27,0,55,-1.89,01,-3.29,01,-1.99,01,9900.00,99,9900.00,99
1998,2,27,1,0,-1.82,01,-2.96,01,-1.78,01,9900.00,99,9900.00,99
1998,2,27,1,5,-1.63,01,-2.89,01,-1.75,01,9900.00,99,9900.00,99
1998,2,27,1,10,-1.35,01,-2.75,01,-1.28,01,9900.00,99,9900.00,99
1998,2,27,1,15,-1.16,01,-2.72,01,-1.19,01,9900.00,99,9900.00,99
1998,2,27,1,20,-.96,01,-2.73,01,-1.14,01,9900.00,99,9900.00,99
1998,2,27,1,25,-1.26,01,-2.74,01,-1.22,01,9900.00,99,9900.00,99
1998,2,27,1,30,-1.49,01,-2.79,01,-1.40,01,9900.00,99,9900.00,99
1998,2,27,1,35,-1.68,01,-2.80,01,-1.82,01,9900.00,99,9900.00,99
1998,2,27,1,40,-1.76,01,-2.80,01,-1.89,01,9900.00,99,9900.00,99
1998,2,27,1,45,-2.15,01,-2.75,01,-2.03,01,9900.00,99,9900.00,99
1998,2,27,1,50,-1.88,01,-2.78,01,-1.99,01,9900.00,99,9900.00,99
1998,2,27,1,55,-2.25,01,-2.73,01,-2.50,01,9900.00,99,9900.00,99
1998,2,27,2,0,-2.28,01,-2.73,01,-2.48,01,9900.00,99,9900.00,99
1998,2,27,2,5,-2.10,01,-2.73,01,-2.15,01,9900.00,99,9900.00,99
1998,2,27,2,10,-1.49,01,-2.73,01,-1.56,01,9900.00,99,9900.00,99
1998,2,27,2,15,-1.39,01,-2.71,01,-1.34,01,9900.00,99,9900.00,99
1998,2,27,2,20,-1.59,01,-2.70,01,-1.66,01,9900.00,99,9900.00,99
1998,2,27,2,25,-1.44,01,-2.71,01,-1.50,01,9900.00,99,9900.00,99
1998,2,27,2,30,-1.18,01,-2.71,01,-1.25,01,9900.00,99,9900.00,99
1998,2,27,2,35,-1.49,01,-2.72,01,-1.68,01,9900.00,99,9900.00,99
1998,2,27,2,40,-1.54,01,-2.71,01,-1.68,01,9900.00,99,9900.00,99
1998,2,27,2,45,-1.35,01,-2.71,01,-1.48,01,9900.00,99,9900.00,99
1998,2,27,2,50,-1.79,01,-2.71,01,-1.95,01,9900.00,99,9900.00,99
1998,2,27,2,55,-1.58,01,-2.71,01,-1.82,01,9900.00,99,9900.00,99
1998,2,27,3,0,-1.41,01,-2.70,01,-1.56,01,9900.00,99,9900.00,99
1998,2,27,3,5,-1.70,01,-2.71,01,-1.95,01,9900.00,99,9900.00,99
1998,2,27,3,10,-1.46,01,-2.73,01,-1.56,01,9900.00,99,9900.00,99
1998,2,27,3,15,-1.36,01,-2.71,01,-1.64,01,9900.00,99,9900.00,99
1998,2,27,3,20,-1.12,01,-2.71,01,-1.45,01,9900.00,99,9900.00,99
1998,2,27,3,25,-1.22,01,-2.70,01,-1.74,01,9900.00,99,9900.00,99
1998,2,27,3,30,-1.16,01,-2.70,01,-1.55,01,9900.00,99,9900.00,99
1998,2,27,3,35,-1.46,01,-2.71,01,-1.87,01,9900.00,99,9900.00,99
1998,2,27,3,40,-1.14,01,-2.70,01,-1.37,01,9900.00,99,9900.00,99
1998,2,27,3,45,-1.23,01,-2.70,01,-1.32,01,9900.00,99,9900.00,99
1998,2,27,3,50,-1.06,01,-2.70,01,-1.24,01,9900.00,99,9900.00,99
1998,2,27,3,55,-1.06,01,-2.70,01,-1.19,01,9900.00,99,9900.00,99
1998,2,27,4,0,-.74,01,-2.70,01,-1.17,01,9900.00,99,9900.00,99
1998,2,27,4,5,-.71,01,-2.69,01,-1.17,01,9900.00,99,9900.00,99
1998,2,27,4,10,-.62,01,-2.69,01,-.89,01,9900.00,99,9900.00,99
1998,2,27,4,15,-.82,01,-2.70,01,-1.15,01,9900.00,99,9900.00,99
1998,2,27,4,20,-1.86,01,-2.67,01,-1.62,01,9900.00,99,9900.00,99
1998,2,27,4,25,-1.75,01,-2.68,01,-1.61,01,9900.00,99,9900.00,99
1998,2,27,4,30,-1.16,01,-2.70,01,-1.19,01,9900.00,99,9900.00,99
1998,2,27,4,35,-.83,01,-2.70,01,-1.15,01,9900.00,99,9900.00,99
1998,2,27,4,40,-1.95,01,-2.83,01,-1.68,01,9900.00,99,9900.00,99
1998,2,27,4,45,-3.24,01,-3.16,01,-3.06,01,9900.00,99,9900.00,99
1998,2,27,4,50,-3.75,01,-3.19,01,-3.63,01,9900.00,99,9900.00,99
1998,2,27,4,55,-2.91,01,-2.66,01,-3.13,01,9900.00,99,9900.00,99
1998,2,27,5,0,-2.32,01,-2.40,01,-2.00,01,9900.00,99,9900.00,99
1998,2,27,5,5,-2.11,01,-2.46,01,-1.34,01,9900.00,99,9900.00,99
1998,2,27,5,10,-1.55,01,-2.39,01,-1.19,01,9900.00,99,9900.00,99
1998,2,27,5,15,-1.77,01,-2.56,01,-1.22,01,9900.00,99,9900.00,99
1998,2,27,5,20,-2.24,01,-2.50,01,-1.89,01,9900.00,99,9900.00,99
1998,2,27,5,25,-2.21,01,-2.63,01,-1.98,01,9900.00,99,9900.00,99
1998,2,27,5,30,-2.61,01,-2.69,01,-2.46,01,9900.00,99,9900.00,99
1998,2,27,5,35,-2.49,01,-2.65,01,-2.34,01,9900.00,99,9900.00,99
1998,2,27,5,40,-2.35,01,-2.63,01,-2.22,01,9900.00,99,9900.00,99
1998,2,27,5,45,-2.30,01,-2.69,01,-2.26,01,9900.00,99,9900.00,99
1998,2,27,5,50,-2.27,01,-2.65,01,-2.30,01,9900.00,99,9900.00,99
1998,2,27,5,55,-2.55,01,-2.70,01,-2.69,01,9900.00,99,9900.00,99
1998,2,27,6,0,-2.08,01,-2.67,01,-2.13,01,9900.00,99,9900.00,99
1998,2,27,6,5,-2.38,01,-2.84,01,-2.48,01,9900.00,99,9900.00,99
1998,2,27,6,10,-1.77,01,-2.77,01,-1.91,01,9900.00,99,9900.00,99
1998,2,27,6,15,-2.41,01,-2.70,01,-2.52,01,9900.00,99,9900.00,99
1998,2,27,6,20,-1.88,01,-2.73,01,-1.97,01,9900.00,99,9900.00,99
1998,2,27,6,25,-1.96,01,-2.71,01,-2.10,01,9900.00,99,9900.00,99
1998,2,27,6,30,-2.35,01,-2.70,01,-2.48,01,9900.00,99,9900.00,99
1998,2,27,6,35,-2.55,01,-2.73,01,-2.69,01,9900.00,99,9900.00,99
1998,2,27,6,40,-2.19,01,-2.74,01,-2.25,01,9900.00,99,9900.00,99
1998,2,27,6,45,-2.18,01,-2.72,01,-2.23,01,9900.00,99,9900.00,99
1998,2,27,6,50,-1.56,01,-2.78,01,-1.58,01,9900.00,99,9900.00,99
1998,2,27,6,55,-1.30,01,-2.76,01,-1.50,01,9900.00,99,9900.00,99
1998,2,27,7,0,-.43,01,-2.72,01,-.66,01,9900.00,99,9900.00,99
1998,2,27,7,5,1.21,01,-2.73,01,1.09,01,9900.00,99,9900.00,99
1998,2,27,7,10,2.52,01,-2.70,01,2.38,01,9900.00,99,9900.00,99
1998,2,27,7,15,3.59,01,-2.70,01,3.13,01,9900.00,99,9900.00,99
1998,2,27,7,20,5.68,01,-2.70,01,5.63,01,9900.00,99,9900.00,99
1998,2,27,7,25,8.24,01,-2.70,01,7.43,01,9900.00,99,9900.00,99
1998,2,27,7,30,12.84,01,-2.70,01,11.53,01,9900.00,99,9900.00,99
1998,2,27,7,35,24.34,01,-2.70,01,21.65,01,9900.00,99,9900.00,99
1998,2,27,7,40,34.42,01,-.12,01,31.77,01,9900.00,99,9900.00,99
1998,2,27,7,45,35.64,01,-.64,01,32.90,01,9900.00,99,9900.00,99
1998,2,27,7,50,38.07,01,-.89,01,35.35,01,9900.00,99,9900.00,99
1998,2,27,7,55,50.86,01,-.98,01,47.02,01,9900.00,99,9900.00,99
1998,2,27,8,0,58.84,03,-.80,03,55.23,03,9900.00,99,9900.00,99
1998,2,27,8,5,60.80,03,-.67,03,56.71,03,9900.00,99,9900.00,99
1998,2,27,8,10,52.79,03,-.87,03,48.37,03,9900.00,99,9900.00,99
1998,2,27,8,15,66.31,03,-.69,03,60.48,03,9900.00,99,9900.00,99
1998,2,27,8,20,67.17,03,-.58,03,62.53,03,9900.00,99,9900.00,99
1998,2,27,8,25,78.67,03,-.68,03,73.47,03,9900.00,99,9900.00,99
1998,2,27,8,30,80.13,03,-.49,03,73.20,03,9900.00,99,9900.00,99
1998,2,27,8,35,93.36,03,-.47,03,85.53,03,9900.00,99,9900.00,99
1998,2,27,8,40,110.19,03,-.40,03,102.50,03,9900.00,99,9900.00,99
1998,2,27,8,45,88.89,03,-.57,03,82.55,03,9900.00,99,9900.00,99
1998,2,27,8,50,93.34,03,-.78,03,87.06,03,9900.00,99,9900.00,99
1998,2,27,8,55,110.99,03,-.66,03,103.84,03,9900.00,99,9900.00,99
1998,2,27,9,0,128.03,03,-.71,03,121.58,03,9900.00,99,9900.00,99
1998,2,27,9,5,102.51,03,-.51,03,97.11,03,9900.00,99,9900.00,99
1998,2,27,9,10,103.59,03,-.66,03,97.52,03,9900.00,99,9900.00,99
1998,2,27,9,15,108.62,03,-.42,03,102.11,03,9900.00,99,9900.00,99
1998,2,27,9,20,108.13,03,-.39,03,101.78,03,9900.00,99,9900.00,99
1998,2,27,9,25,120.76,03,-.33,03,114.16,03,9900.00,99,9900.00,99
1998,2,27,9,30,110.87,03,-.34,03,102.52,03,9900.00,99,9900.00,99
1998,2,27,9,35,67.21,03,-.40,03,62.71,03,9900.00,99,9900.00,99
1998,2,27,9,40,97.37,03,-.42,03,90.72,03,9900.00,99,9900.00,99
1998,2,27,9,45,122.63,03,-.39,03,113.83,03,9900.00,99,9900.00,99
1998,2,27,9,50,207.28,03,.13,03,196.63,03,9900.00,99,9900.00,99
1998,2,27,9,55,92.13,03,-.08,03,85.75,03,9900.00,99,9900.00,99
1998,2,27,10,0,51.67,03,-.41,03,47.29,03,9900.00,99,9900.00,99
1998,2,27,10,5,33.38,03,-.44,03,30.80,03,9900.00,99,9900.00,99
1998,2,27,10,10,22.29,03,-.50,03,20.33,03,9900.00,99,9900.00,99
1998,2,27,10,15,25.53,03,-.41,03,23.39,03,9900.00,99,9900.00,99
1998,2,27,10,20,38.00,03,-.37,03,35.06,03,9900.00,99,9900.00,99
1998,2,27,10,25,55.95,03,-.28,03,51.94,03,9900.00,99,9900.00,99
1998,2,27,10,30,78.52,03,.22,03,71.63,03,9900.00,99,9900.00,99
1998,2,27,10,35,69.39,03,.35,03,64.01,03,9900.00,99,9900.00,99
1998,2,27,10,40,66.43,03,.30,03,60.83,03,9900.00,99,9900.00,99
1998,2,27,10,45,77.47,03,.33,03,70.52,03,9900.00,99,9900.00,99
1998,2,27,10,50,88.83,03,.46,03,80.91,03,9900.00,99,9900.00,99
1998,2,27,10,55,84.06,03,.47,03,76.27,03,9900.00,99,9900.00,99
1998,2,27,11,0,97.89,03,.63,03,88.56,03,9900.00,99,9900.00,99
1998,2,27,11,5,144.96,03,.86,03,134.22,03,9900.00,99,9900.00,99
1998,2,27,11,10,202.49,03,1.28,03,182.77,03,9900.00,99,9900.00,99
1998,2,27,11,15,442.18,03,155.30,03,335.72,03,9900.00,99,9900.00,99
1998,2,27,11,20,328.11,03,15.70,03,317.63,03,9900.00,99,9900.00,99
1998,2,27,11,25,322.13,03,30.64,03,293.64,03,9900.00,99,9900.00,99
1998,2,27,11,30,340.98,03,56.50,03,302.31,03,9900.00,99,9900.00,99
1998,2,27,11,35,268.08,03,4.76,03,264.52,03,9900.00,99,9900.00,99
1998,2,27,11,40,422.61,19,201.16,18,246.71,18,9900.00,99,9900.00,99
1998,2,27,11,45,742.30,03,713.88,03,249.40,03,9900.00,99,9900.00,99
1998,2,27,11,50,861.95,03,885.82,03,273.11,03,9900.00,99,9900.00,99
1998,2,27,11,55,866.91,03,926.14,03,250.73,03,9900.00,99,9900.00,99
1998,2,27,12,0,775.04,03,936.95,03,139.91,03,9900.00,99,9900.00,99
1998,2,27,12,5,773.61,03,941.71,03,131.84,03,9900.00,99,9900.00,99
1998,2,27,12,10,789.91,03,946.21,03,145.59,03,9900.00,99,9900.00,99
1998,2,27,12,15,857.29,03,937.18,03,223.05,03,9900.00,99,9900.00,99
1998,2,27,12,20,528.09,03,167.06,03,401.99,03,9900.00,99,9900.00,99
1998,2,27,12,25,417.06,03,41.38,03,379.54,03,9900.00,99,9900.00,99
1998,2,27,12,30,471.04,03,210.18,03,310.39,03,9900.00,99,9900.00,99
1998,2,27,12,35,677.66,03,705.51,03,167.90,03,9900.00,99,9900.00,99
1998,2,27,12,40,802.68,03,957.40,03,133.98,03,9900.00,99,9900.00,99
1998,2,27,12,45,796.67,03,969.61,03,123.32,03,9900.00,99,9900.00,99
1998,2,27,12,50,790.37,03,968.99,03,121.76,03,9900.00,99,9900.00,99
1998,2,27,12,55,784.82,03,965.83,03,122.22,03,9900.00,99,9900.00,99
1998,2,27,13,0,803.37,03,974.69,03,135.23,03,9900.00,99,9900.00,99
1998,2,27,13,5,608.59,11,533.09,10,214.41,10,9900.00,99,9900.00,99
1998,2,27,13,10,536.90,11,281.58,10,317.40,10,9900.00,99,9900.00,99
1998,2,27,13,15,513.35,11,163.17,10,377.23,10,9900.00,99,9900.00,99
1998,2,27,13,20,698.79,03,666.92,03,238.94,03,9900.00,99,9900.00,99
1998,2,27,13,25,656.61,03,587.39,03,247.81,03,9900.00,99,9900.00,99
1998,2,27,13,30,595.54,03,484.94,03,250.63,03,9900.00,99,9900.00,99
1998,2,27,13,35,732.87,03,742.58,03,214.02,03,9900.00,99,9900.00,99
1998,2,27,13,40,759.34,03,955.28,03,126.80,03,9900.00,99,9900.00,99
1998,2,27,13,45,762.39,03,928.97,03,141.16,03,9900.00,99,9900.00,99
1998,2,27,13,50,723.22,03,921.89,03,119.15,03,9900.00,99,9900.00,99
1998,2,27,13,55,670.72,03,827.53,03,129.92,03,9900.00,99,9900.00,99
1998,2,27,14,0,572.61,03,635.92,03,145.72,03,9900.00,99,9900.00,99
1998,2,27,14,5,480.12,11,408.31,10,193.68,10,9900.00,99,9900.00,99
1998,2,27,14,10,351.85,03,160.50,03,235.26,03,9900.00,99,9900.00,99
1998,2,27,14,15,245.49,03,17.10,03,231.54,03,9900.00,99,9900.00,99
1998,2,27,14,20,374.63,03,189.43,03,248.87,03,9900.00,99,9900.00,99
1998,2,27,14,25,256.27,03,54.41,03,224.77,03,9900.00,99,9900.00,99
1998,2,27,14,30,237.74,03,47.45,03,218.24,03,9900.00,99,9900.00,99
1998,2,27,14,35,233.66,03,3.34,03,218.08,03,9900.00,99,9900.00,99
1998,2,27,14,40,366.80,03,245.13,03,224.77,03,9900.00,99,9900.00,99
1998,2,27,14,45,334.65,03,246.49,03,190.22,03,9900.00,99,9900.00,99
1998,2,27,14,50,358.66,03,273.99,03,197.88,03,9900.00,99,9900.00,99
1998,2,27,14,55,485.77,03,552.84,03,170.13,03,9900.00,99,9900.00,99
1998,2,27,15,0,380.73,03,404.57,03,148.03,03,9900.00,99,9900.00,99
1998,2,27,15,5,299.94,03,208.03,03,180.36,03,9900.00,99,9900.00,99
1998,2,27,15,10,319.26,03,225.75,03,185.64,03,9900.00,99,9900.00,99
1998,2,27,15,15,563.21,10,848.10,11,140.47,11,9900.00,99,9900.00,99
1998,2,27,15,20,357.20,03,495.11,03,104.96,03,9900.00,99,9900.00,99
1998,2,27,15,25,293.59,03,371.22,03,116.48,03,9900.00,99,9900.00,99
1998,2,27,15,30,289.25,03,310.59,03,138.11,03,9900.00,99,9900.00,99
1998,2,27,15,35,472.41,10,748.86,11,132.39,11,9900.00,99,9900.00,99
1998,2,27,15,40,229.21,03,294.43,03,91.64,03,9900.00,99,9900.00,99
1998,2,27,15,45,355.30,03,559.62,03,116.25,03,9900.00,99,9900.00,99
1998,2,27,15,50,309.81,03,525.22,03,84.13,03,9900.00,99,9900.00,99
1998,2,27,15,55,336.80,03,610.01,03,81.59,03,9900.00,99,9900.00,99
1998,2,27,16,0,314.79,03,555.88,03,89.95,03,9900.00,99,9900.00,99
1998,2,27,16,5,371.37,14,738.69,15,94.54,15,9900.00,99,9900.00,99
1998,2,27,16,10,161.48,03,221.07,03,76.60,03,9900.00,99,9900.00,99
1998,2,27,16,15,124.79,03,76.64,03,91.02,03,9900.00,99,9900.00,99
1998,2,27,16,20,105.12,03,19.06,03,96.23,03,9900.00,99,9900.00,99
1998,2,27,16,25,172.55,03,189.12,03,112.49,03,9900.00,99,9900.00,99
1998,2,27,16,30,211.60,03,330.01,03,112.94,03,9900.00,99,9900.00,99
1998,2,27,16,35,188.68,10,377.73,11,82.49,11,9900.00,99,9900.00,99
1998,2,27,16,40,269.15,18,703.07,19,81.06,19,9900.00,99,9900.00,99
1998,2,27,16,45,244.83,26,687.48,27,75.32,27,9900.00,99,9900.00,99
1998,2,27,16,50,224.86,22,670.60,23,64.80,23,9900.00,99,9900.00,99
1998,2,27,16,55,155.41,10,390.79,11,64.22,11,9900.00,99,9900.00,99
1998,2,27,17,0,205.07,18,642.32,19,66.39,19,9900.00,99,9900.00,99
1998,2,27,17,5,188.09,22,635.44,23,62.50,23,9900.00,99,9900.00,99
1998,2,27,17,10,159.97,18,616.12,19,45.76,19,9900.00,99,9900.00,99
1998,2,27,17,15,140.39,18,596.74,19,38.18,19,9900.00,99,9900.00,99
1998,2,27,17,20,126.08,18,572.40,19,37.12,19,9900.00,99,9900.00,99
1998,2,27,17,25,113.20,01,541.20,01,38.32,01,9900.00,99,9900.00,99
1998,2,27,17,30,98.44,01,512.02,01,35.06,01,9900.00,99,9900.00,99
1998,2,27,17,35,81.13,01,463.31,01,30.61,01,9900.00,99,9900.00,99
1998,2,27,17,40,34.49,01,105.76,01,24.00,01,9900.00,99,9900.00,99
1998,2,27,17,45,25.94,01,19.89,01,21.00,01,9900.00,99,9900.00,99
1998,2,27,17,50,40.10,01,293.24,01,19.73,01,9900.00,99,9900.00,99
1998,2,27,17,55,28.06,01,270.91,01,15.62,01,9900.00,99,9900.00,99
1998,2,27,18,0,17.17,01,171.49,01,11.58,01,9900.00,99,9900.00,99
1998,2,27,18,5,7.12,01,3.05,01,6.21,01,9900.00,99,9900.00,99
1998,2,27,18,10,3.19,01,-.40,01,3.03,01,9900.00,99,9900.00,99
1998,2,27,18,15,-.69,01,-1.19,01,-.65,01,9900.00,99,9900.00,99
1998,2,27,18,20,-3.39,01,-1.16,01,-3.24,01,9900.00,99,9900.00,99
1998,2,27,18,25,-4.73,01,-1.16,01,-4.26,01,9900.00,99,9900.00,99
1998,2,27,18,30,-6.26,01,-1.29,01,-5.93,01,9900.00,99,9900.00,99
1998,2,27,18,35,-6.48,01,-1.18,01,-6.06,01,9900.00,99,9900.00,99
1998,2,27,18,40,-6.34,01,-1.17,01,-5.97,01,9900.00,99,9900.00,99
1998,2,27,18,45,-7.35,01,-1.47,01,-6.67,01,9900.00,99,9900.00,99
1998,2,27,18,50,-7.57,01,-1.47,01,-6.75,01,9900.00,99,9900.00,99
1998,2,27,18,55,-7.27,01,-1.36,01,-6.59,01,9900.00,99,9900.00,99
1998,2,27,19,0,-6.48,01,-1.30,01,-6.03,01,9900.00,99,9900.00,99
1998,2,27,19,5,-6.04,01,-1.28,01,-5.72,01,9900.00,99,9900.00,99
1998,2,27,19,10,-5.64,01,-1.34,01,-5.06,01,9900.00,99,9900.00,99
1998,2,27,19,15,-4.64,01,-1.68,01,-4.09,01,9900.00,99,9900.00,99
1998,2,27,19,20,-3.64,01,-1.29,01,-3.35,01,9900.00,99,9900.00,99
1998,2,27,19,25,-3.41,01,-1.17,01,-3.16,01,9900.00,99,9900.00,99
1998,2,27,19,30,-3.83,01,-1.18,01,-3.54,01,9900.00,99,9900.00,99
1998,2,27,19,35,-3.86,01,-1.22,01,-3.55,01,9900.00,99,9900.00,99
1998,2,27,19,40,-3.74,01,-1.20,01,-3.46,01,9900.00,99,9900.00,99
1998,2,27,19,45,-2.98,01,-1.17,01,-2.89,01,9900.00,99,9900.00,99
1998,2,27,19,50,-2.38,01,-1.16,01,-2.10,01,9900.00,99,9900.00,99
1998,2,27,19,55,-2.10,01,-1.16,01,-1.83,01,9900.00,99,9900.00,99
1998,2,27,20,0,-2.14,01,-1.16,01,-1.81,01,9900.00,99,9900.00,99
1998,2,27,20,5,-1.77,01,-1.07,01,-1.42,01,9900.00,99,9900.00,99
1998,2,27,20,10,-2.30,01,-1.16,01,-1.95,01,9900.00,99,9900.00,99
1998,2,27,20,15,-2.00,01,-1.14,01,-1.71,01,9900.00,99,9900.00,99
1998,2,27,20,20,-1.68,01,-1.13,01,-1.26,01,9900.00,99,9900.00,99
1998,2,27,20,25,-1.49,01,-1.13,01,-1.22,01,9900.00,99,9900.00,99
1998,2,27,20,30,-1.40,01,-1.15,01,-1.20,01,9900.00,99,9900.00,99
1998,2,27,20,35,-1.37,01,-1.15,01,-1.20,01,9900.00,99,9900.00,99
1998,2,27,20,40,-1.40,01,-1.13,01,-1.22,01,9900.00,99,9900.00,99
1998,2,27,20,45,-1.97,01,-1.18,01,-1.89,01,9900.00,99,9900.00,99
1998,2,27,20,50,-2.33,01,-1.23,01,-2.28,01,9900.00,99,9900.00,99
1998,2,27,20,55,-2.55,01,-1.48,01,-2.52,01,9900.00,99,9900.00,99
1998,2,27,21,0,-2.91,01,-1.54,01,-2.85,01,9900.00,99,9900.00,99
1998,2,27,21,5,-2.84,01,-1.50,01,-2.79,01,9900.00,99,9900.00,99
1998,2,27,21,10,-2.70,01,-1.44,01,-2.78,01,9900.00,99,9900.00,99
1998,2,27,21,15,-2.86,01,-1.50,01,-2.93,01,9900.00,99,9900.00,99
1998,2,27,21,20,-3.35,01,-1.48,01,-3.40,01,9900.00,99,9900.00,99
1998,2,27,21,25,-3.36,01,-1.52,01,-3.48,01,9900.00,99,9900.00,99
1998,2,27,21,30,-3.76,01,-1.54,01,-3.57,01,9900.00,99,9900.00,99
1998,2,27,21,35,-3.22,01,-1.38,01,-3.23,01,9900.00,99,9900.00,99
1998,2,27,21,40,-1.99,01,-1.18,01,-1.91,01,9900.00,99,9900.00,99
1998,2,27,21,45,-1.19,01,-1.10,01,-1.18,01,9900.00,99,9900.00,99
1998,2,27,21,50,-1.54,01,-1.15,01,-1.41,01,9900.00,99,9900.00,99
1998,2,27,21,55,-2.89,01,-1.26,01,-2.87,01,9900.00,99,9900.00,99
1998,2,27,22,0,-2.91,01,-1.29,01,-2.89,01,9900.00,99,9900.00,99
1998,2,27,22,5,-2.66,01,-1.27,01,-2.79,01,9900.00,99,9900.00,99
1998,2,27,22,10,-2.32,01,-1.26,01,-2.62,01,9900.00,99,9900.00,99
1998,2,27,22,15,-2.85,01,-1.20,01,-2.87,01,9900.00,99,9900.00,99
1998,2,27,22,20,-2.89,01,-1.22,01,-2.81,01,9900.00,99,9900.00,99
1998,2,27,22,25,-2.84,01,-1.39,01,-2.80,01,9900.00,99,9900.00,99
1998,2,27,22,30,-2.32,01,-1.34,01,-2.50,01,9900.00,99,9900.00,99
1998,2,27,22,35,-1.46,01,-1.16,01,-1.52,01,9900.00,99,9900.00,99
1998,2,27,22,40,-1.50,01,-1.18,01,-1.60,01,9900.00,99,9900.00,99
1998,2,27,22,45,-2.72,01,-1.24,01,-2.74,01,9900.00,99,9900.00,99
1998,2,27,22,50,-2.92,01,-1.39,01,-2.93,01,9900.00,99,9900.00,99
1998,2,27,22,55,-2.78,01,-1.27,01,-2.79,01,9900.00,99,9900.00,99
1998,2,27,23,0,-1.71,01,-1.26,01,-1.73,01,9900.00,99,9900.00,99
1998,2,27,23,5,-1.74,01,-1.30,01,-1.82,01,9900.00,99,9900.00,99
1998,2,27,23,10,-1.96,01,-1.25,01,-1.97,01,9900.00,99,9900.00,99
1998,2,27,23,15,-2.11,01,-1.29,01,-2.05,01,9900.00,99,9900.00,99
1998,2,27,23,20,-1.92,01,-1.28,01,-1.99,01,9900.00,99,9900.00,99
1998,2,27,23,25,-2.17,01,-1.30,01,-2.15,01,9900.00,99,9900.00,99
1998,2,27,23,30,-2.45,01,-1.38,01,-2.63,01,9900.00,99,9900.00,99
1998,2,27,23,35,-2.10,01,-1.27,01,-2.05,01,9900.00,99,9900.00,99
1998,2,27,23,40,-1.43,01,-1.19,01,-1.47,01,9900.00,99,9900.00,99
1998,2,27,23,45,-1.32,01,-1.17,01,-1.30,01,9900.00,99,9900.00,99
1998,2,27,23,50,-1.59,01,-1.17,01,-1.61,01,9900.00,99,9900.00,99
1998,2,27,23,55,-2.14,01,-1.21,01,-2.10,01,9900.00,99,9900.00,99
1998,2,28,0,0,-2.19,01,-1.29,01,-2.38,01,9900.00,99,9900.00,99
1998,2,28,0,5,-1.93,01,-1.23,01,-1.97,01,9900.00,99,9900.00,99
1998,2,28,0,10,-1.27,01,-1.16,01,-1.31,01,9900.00,99,9900.00,99
1998,2,28,0,15,-1.84,01,-1.15,01,-1.74,01,9900.00,99,9900.00,99
1998,2,28,0,20,-2.80,01,-1.18,01,-2.77,01,9900.00,99,9900.00,99
1998,2,28,0,25,-2.64,01,-1.18,01,-2.78,01,9900.00,99,9900.00,99
1998,2,28,0,30,-2.17,01,-1.19,01,-2.24,01,9900.00,99,9900.00,99
1998,2,28,0,35,-2.20,01,-1.62,01,-2.30,01,9900.00,99,9900.00,99
1998,2,28,0,40,-2.06,01,-3.53,01,-2.06,01,9900.00,99,9900.00,99
1998,2,28,0,45,-2.24,01,-3.19,01,-2.40,01,9900.00,99,9900.00,99
1998,2,28,0,50,-2.30,01,-2.74,01,-2.57,01,9900.00,99,9900.00,99
1998,2,28,0,55,-1.71,01,-2.67,01,-1.85,01,9900.00,99,9900.00,99
1998,2,28,1,0,-1.34,01,-2.42,01,-1.44,01,9900.00,99,9900.00,99
1998,2,28,1,5,-1.41,01,-2.22,01,-1.57,01,9900.00,99,9900.00,99
1998,2,28,1,10,-2.02,01,-2.11,01,-2.07,01,9900.00,99,9900.00,99
1998,2,28,1,15,-2.03,01,-1.97,01,-2.05,01,9900.00,99,9900.00,99
1998,2,28,1,20,-1.55,01,-1.90,01,-1.84,01,9900.00,99,9900.00,99
1998,2,28,1,25,-1.33,01,-1.76,01,-1.41,01,9900.00,99,9900.00,99
1998,2,28,1,30,-.74,01,-1.65,01,-1.09,01,9900.00,99,9900.00,99
1998,2,28,1,35,-.15,01,-1.57,01,-.49,01,9900.00,99,9900.00,99
1998,2,28,1,40,.17,01,-1.54,01,-.04,01,9900.00,99,9900.00,99
1998,2,28,1,45,-.49,01,-1.51,01,-.75,01,9900.00,99,9900.00,99
1998,2,28,1,50,-1.71,01,-1.62,01,-1.81,01,9900.00,99,9900.00,99
1998,2,28,1,55,-2.00,01,-1.68,01,-2.20,01,9900.00,99,9900.00,99
1998,2,28,2,0,-1.86,01,-1.67,01,-2.01,01,9900.00,99,9900.00,99
1998,2,28,2,5,-1.41,01,-1.59,01,-1.68,01,9900.00,99,9900.00,99
1998,2,28,2,10,-.73,01,-1.56,01,-1.17,01,9900.00,99,9900.00,99
1998,2,28,2,15,-1.27,01,-1.54,01,-1.51,01,9900.00,99,9900.00,99
1998,2,28,2,20,-1.75,01,-1.56,01,-1.93,01,9900.00,99,9900.00,99
1998,2,28,2,25,-2.05,01,-1.56,01,-2.20,01,9900.00,99,9900.00,99
1998,2,28,2,30,-2.83,01,-1.59,01,-2.94,01,9900.00,99,9900.00,99
1998,2,28,2,35,-2.91,01,-1.62,01,-3.20,01,9900.00,99,9900.00,99
1998,2,28,2,40,-2.40,01,-1.67,01,-2.77,01,9900.00,99,9900.00,99
1998,2,28,2,45,-1.92,01,-1.68,01,-2.28,01,9900.00,99,9900.00,99
1998,2,28,2,50,-2.19,01,-1.57,01,-2.49,01,9900.00,99,9900.00,99
1998,2,28,2,55,-2.39,01,-1.54,01,-2.76,01,9900.00,99,9900.00,99
1998,2,28,3,0,-2.91,01,-1.52,01,-3.06,01,9900.00,99,9900.00,99
1998,2,28,3,5,-2.92,01,-1.51,01,-3.06,01,9900.00,99,9900.00,99
1998,2,28,3,10,-2.88,01,-1.47,01,-2.91,01,9900.00,99,9900.00,99
1998,2,28,3,15,-2.89,01,-1.32,01,-2.88,01,9900.00,99,9900.00,99
1998,2,28,3,20,-2.32,01,-1.23,01,-2.54,01,9900.00,99,9900.00,99
1998,2,28,3,25,-2.12,01,-1.27,01,-2.20,01,9900.00,99,9900.00,99
1998,2,28,3,30,-2.27,01,-1.26,01,-2.70,01,9900.00,99,9900.00,99
1998,2,28,3,35,-2.08,01,-1.27,01,-2.24,01,9900.00,99,9900.00,99
1998,2,28,3,40,-2.20,01,-1.27,01,-2.21,01,9900.00,99,9900.00,99
1998,2,28,3,45,-2.89,01,-1.25,01,-2.91,01,9900.00,99,9900.00,99
1998,2,28,3,50,-2.58,01,-1.39,01,-2.79,01,9900.00,99,9900.00,99
1998,2,28,3,55,-2.76,01,-1.50,01,-2.93,01,9900.00,99,9900.00,99
1998,2,28,4,0,-2.72,01,-1.43,01,-2.95,01,9900.00,99,9900.00,99
1998,2,28,4,5,-2.19,01,-1.20,01,-2.35,01,9900.00,99,9900.00,99
1998,2,28,4,10,-2.68,01,-1.17,01,-2.74,01,9900.00,99,9900.00,99
1998,2,28,4,15,-3.91,01,-1.21,01,-3.91,01,9900.00,99,9900.00,99
1998,2,28,4,20,-4.13,01,-1.36,01,-4.22,01,9900.00,99,9900.00,99
1998,2,28,4,25,-3.05,01,-1.41,01,-3.32,01,9900.00,99,9900.00,99
1998,2,28,4,30,-2.92,01,-1.34,01,-3.03,01,9900.00,99,9900.00,99
1998,2,28,4,35,-2.81,01,-1.26,01,-2.93,01,9900.00,99,9900.00,99
1998,2,28,4,40,-2.03,01,-1.23,01,-2.14,01,9900.00,99,9900.00,99
1998,2,28,4,45,-2.01,01,-1.28,01,-2.11,01,9900.00,99,9900.00,99
1998,2,28,4,50,-2.75,01,-1.45,01,-2.78,01,9900.00,99,9900.00,99
1998,2,28,4,55,-2.71,01,-1.54,01,-2.79,01,9900.00,99,9900.00,99
1998,2,28,5,0,-2.73,01,-1.56,01,-2.91,01,9900.00,99,9900.00,99
1998,2,28,5,5,-3.20,01,-1.54,01,-3.48,01,9900.00,99,9900.00,99
1998,2,28,5,10,-3.00,01,-1.48,01,-3.26,01,9900.00,99,9900.00,99
1998,2,28,5,15,-2.91,01,-1.47,01,-3.05,01,9900.00,99,9900.00,99
1998,2,28,5,20,-2.92,01,-1.53,01,-2.91,01,9900.00,99,9900.00,99
1998,2,28,5,25,-2.89,01,-1.53,01,-2.85,01,9900.00,99,9900.00,99
1998,2,28,5,30,-2.53,01,-1.48,01,-2.77,01,9900.00,99,9900.00,99
1998,2,28,5,35,-2.38,01,-1.52,01,-2.71,01,9900.00,99,9900.00,99
1998,2,28,5,40,-2.03,01,-1.45,01,-2.28,01,9900.00,99,9900.00,99
1998,2,28,5,45,-1.52,01,-1.40,01,-1.85,01,9900.00,99,9900.00,99
1998,2,28,5,50,-1.34,01,-1.47,01,-1.64,01,9900.00,99,9900.00,99
1998,2,28,5,55,-1.13,01,-1.48,01,-1.30,01,9900.00,99,9900.00,99
1998,2,28,6,0,-.69,01,-1.45,01,-1.18,01,9900.00,99,9900.00,99
1998,2,28,6,5,-.55,01,-1.25,01,-1.03,01,9900.00,99,9900.00,99
1998,2,28,6,10,-.32,01,-1.21,01,-.81,01,9900.00,99,9900.00,99
1998,2,28,6,15,-.95,01,-1.29,01,-1.20,01,9900.00,99,9900.00,99
1998,2,28,6,20,-1.19,01,-1.45,01,-1.65,01,9900.00,99,9900.00,99
1998,2,28,6,25,-1.20,01,-1.38,01,-1.49,01,9900.00,99,9900.00,99
1998,2,28,6,30,-.81,01,-1.27,01,-1.19,01,9900.00,99,9900.00,99
1998,2,28,6,35,-.21,01,-1.16,01,-.63,01,9900.00,99,9900.00,99
1998,2,28,6,40,-.08,01,-1.17,01,-.59,01,9900.00,99,9900.00,99
1998,2,28,6,45,-.24,01,-1.15,01,-.93,01,9900.00,99,9900.00,99
1998,2,28,6,50,.16,01,-1.16,01,-.33,01,9900.00,99,9900.00,99
1998,2,28,6,55,.68,01,-1.16,01,.18,01,9900.00,99,9900.00,99
1998,2,28,7,0,1.66,01,-1.16,01,1.30,01,9900.00,99,9900.00,99
1998,2,28,7,5,3.35,01,-1.16,01,3.29,01,9900.00,99,9900.00,99
1998,2,28,7,10,5.79,01,-1.16,01,5.51,01,9900.00,99,9900.00,99
1998,2,28,7,15,11.15,01,-1.18,01,11.15,01,9900.00,99,9900.00,99
1998,2,28,7,20,15.98,01,-.84,01,14.15,01,9900.00,99,9900.00,99
1998,2,28,7,25,23.06,01,-1.24,01,20.63,01,9900.00,99,9900.00,99
1998,2,28,7,30,35.40,01,-1.32,01,31.89,01,9900.00,99,9900.00,99
1998,2,28,7,35,40.76,01,-1.21,01,37.31,01,9900.00,99,9900.00,99
1998,2,28,7,40,47.87,01,-1.03,01,43.75,01,9900.00,99,9900.00,99
1998,2,28,7,45,44.67,01,-.42,01,40.71,01,9900.00,99,9900.00,99
1998,2,28,7,50,43.23,01,7.27,01,38.84,01,9900.00,99,9900.00,99
1998,2,28,7,55,44.01,01,9.87,01,39.08,01,9900.00,99,9900.00,99
1998,2,28,8,0,49.76,03,2.26,03,44.93,03,9900.00,99,9900.00,99
1998,2,28,8,5,81.75,03,-.82,03,75.39,03,9900.00,99,9900.00,99
1998,2,28,8,10,102.98,03,1.16,03,95.48,03,9900.00,99,9900.00,99
1998,2,28,8,15,76.82,03,.30,03,70.26,03,9900.00,99,9900.00,99
1998,2,28,8,20,53.40,03,-1.19,03,49.67,03,9900.00,99,9900.00,99
1998,2,28,8,25,72.96,03,-1.29,03,66.39,03,9900.00,99,9900.00,99
1998,2,28,8,30,120.79,11,2.29,10,110.69,10,9900.00,99,9900.00,99
1998,2,28,8,35,121.93,03,-.27,03,113.29,03,9900.00,99,9900.00,99
1998,2,28,8,40,206.60,03,224.53,03,132.55,03,9900.00,99,9900.00,99
1998,2,28,8,45,289.96,03,398.31,03,158.73,03,9900.00,99,9900.00,99
1998,2,28,8,50,295.08,03,461.26,03,142.19,03,9900.00,99,9900.00,99
1998,2,28,8,55,248.89,03,400.71,03,107.70,03,9900.00,99,9900.00,99
1998,2,28,9,0,296.14,03,508.06,03,118.27,03,9900.00,99,9900.00,99
1998,2,28,9,5,349.06,03,574.19,03,141.92,03,9900.00,99,9900.00,99
1998,2,28,9,10,319.62,03,487.30,03,119.30,03,9900.00,99,9900.00,99
1998,2,28,9,15,424.23,03,751.49,03,128.52,03,9900.00,99,9900.00,99
1998,2,28,9,20,407.62,03,780.51,03,88.05,03,9900.00,99,9900.00,99
1998,2,28,9,25,415.79,03,801.13,03,76.41,03,9900.00,99,9900.00,99
1998,2,28,9,30,429.41,03,814.45,03,73.48,03,9900.00,99,9900.00,99
1998,2,28,9,35,444.37,03,821.00,03,74.47,03,9900.00,99,9900.00,99
1998,2,28,9,40,457.56,03,830.03,03,74.03,03,9900.00,99,9900.00,99
1998,2,28,9,45,469.78,03,838.40,03,73.84,03,9900.00,99,9900.00,99
1998,2,28,9,50,483.82,03,851.15,03,72.13,03,9900.00,99,9900.00,99
1998,2,28,9,55,497.12,03,861.60,03,70.74,03,9900.00,99,9900.00,99
1998,2,28,10,0,512.88,03,877.17,03,69.43,03,9900.00,99,9900.00,99
1998,2,28,10,5,526.97,03,888.42,03,68.16,03,9900.00,99,9900.00,99
1998,2,28,10,10,541.33,03,896.99,03,67.98,03,9900.00,99,9900.00,99
1998,2,28,10,15,554.49,03,899.73,03,69.37,03,9900.00,99,9900.00,99
1998,2,28,10,20,566.48,03,897.87,03,71.67,03,9900.00,99,9900.00,99
1998,2,28,10,25,577.52,03,895.53,03,73.89,03,9900.00,99,9900.00,99
1998,2,28,10,30,592.17,03,902.05,03,74.89,03,9900.00,99,9900.00,99
1998,2,28,10,35,606.31,03,906.81,03,76.58,03,9900.00,99,9900.00,99
1998,2,28,10,40,618.50,03,909.69,03,79.05,03,9900.00,99,9900.00,99
1998,2,28,10,45,627.43,03,905.55,03,84.25,03,9900.00,99,9900.00,99
1998,2,28,10,50,652.88,03,922.54,03,94.00,03,9900.00,99,9900.00,99
1998,2,28,10,55,659.41,03,927.69,03,88.94,03,9900.00,99,9900.00,99
1998,2,28,11,0,591.09,03,774.42,03,100.88,03,9900.00,99,9900.00,99
1998,2,28,11,5,636.22,03,840.68,03,102.73,03,9900.00,99,9900.00,99
1998,2,28,11,10,696.48,03,938.87,03,100.50,03,9900.00,99,9900.00,99
1998,2,28,11,15,722.98,03,942.20,03,116.64,03,9900.00,99,9900.00,99
1998,2,28,11,20,679.77,03,690.35,03,223.03,03,9900.00,99,9900.00,99
1998,2,28,11,25,576.49,03,411.69,03,298.10,03,9900.00,99,9900.00,99
1998,2,28,11,30,774.90,03,896.67,03,189.28,03,9900.00,99,9900.00,99
1998,2,28,11,35,753.56,03,925.55,03,140.24,03,9900.00,99,9900.00,99
1998,2,28,11,40,801.15,03,907.94,03,188.88,03,9900.00,99,9900.00,99
1998,2,28,11,45,609.99,03,570.89,03,229.15,03,9900.00,99,9900.00,99
1998,2,28,11,50,235.61,03,40.99,03,206.96,03,9900.00,99,9900.00,99
1998,2,28,11,55,368.26,03,295.17,03,152.62,03,9900.00,99,9900.00,99
1998,2,28,12,0,736.12,03,824.09,03,172.33,03,9900.00,99,9900.00,99
1998,2,28,12,5,696.17,03,804.78,03,139.74,03,9900.00,99,9900.00,99
1998,2,28,12,10,761.56,03,937.80,03,116.18,03,9900.00,99,9900.00,99
1998,2,28,12,15,777.85,03,966.70,03,114.26,03,9900.00,99,9900.00,99
1998,2,28,12,20,789.89,03,967.01,03,123.51,03,9900.00,99,9900.00,99
1998,2,28,12,25,745.57,03,851.17,03,150.39,03,9900.00,99,9900.00,99
1998,2,28,12,30,812.82,03,953.35,03,151.97,03,9900.00,99,9900.00,99
1998,2,28,12,35,776.98,03,863.34,03,172.49,03,9900.00,99,9900.00,99
1998,2,28,12,40,823.97,03,986.21,03,145.00,03,9900.00,99,9900.00,99
1998,2,28,12,45,820.01,03,988.15,03,132.98,03,9900.00,99,9900.00,99
1998,2,28,12,50,877.85,03,987.01,03,199.78,03,9900.00,99,9900.00,99
1998,2,28,12,55,900.26,03,976.47,03,234.20,03,9900.00,99,9900.00,99
1998,2,28,13,0,604.27,03,474.56,03,265.75,03,9900.00,99,9900.00,99
1998,2,28,13,5,732.30,03,685.31,03,245.10,03,9900.00,99,9900.00,99
1998,2,28,13,10,380.74,03,199.95,03,237.39,03,9900.00,99,9900.00,99
1998,2,28,13,15,876.51,03,969.31,03,222.20,03,9900.00,99,9900.00,99
1998,2,28,13,20,713.14,03,714.19,03,225.26,03,9900.00,99,9900.00,99
1998,2,28,13,25,223.76,03,6.56,03,219.56,03,9900.00,99,9900.00,99
1998,2,28,13,30,266.92,03,70.53,03,210.59,03,9900.00,99,9900.00,99
1998,2,28,13,35,751.50,03,692.81,03,281.81,03,9900.00,99,9900.00,99
1998,2,28,13,40,758.69,03,785.55,03,228.42,03,9900.00,99,9900.00,99
1998,2,28,13,45,432.36,03,322.51,03,206.00,03,9900.00,99,9900.00,99
1998,2,28,13,50,493.41,03,507.23,03,138.30,03,9900.00,99,9900.00,99
1998,2,28,13,55,598.76,03,687.19,03,140.05,03,9900.00,99,9900.00,99
1998,2,28,14,0,712.12,03,913.54,03,118.86,03,9900.00,99,9900.00,99
1998,2,28,14,5,693.27,03,894.64,03,116.80,03,9900.00,99,9900.00,99
1998,2,28,14,10,685.46,03,891.04,03,115.79,03,9900.00,99,9900.00,99
1998,2,28,14,15,403.46,03,444.89,03,114.06,03,9900.00,99,9900.00,99
1998,2,28,14,20,231.68,03,105.46,03,149.80,03,9900.00,99,9900.00,99
1998,2,28,14,25,532.80,11,548.07,10,171.29,10,9900.00,99,9900.00,99
1998,2,28,14,30,507.21,03,460.30,03,220.40,03,9900.00,99,9900.00,99
1998,2,28,14,35,203.87,03,1.54,03,184.31,03,9900.00,99,9900.00,99
1998,2,28,14,40,351.97,03,281.96,03,188.71,03,9900.00,99,9900.00,99
1998,2,28,14,45,290.98,03,171.75,03,190.44,03,9900.00,99,9900.00,99
1998,2,28,14,50,434.33,03,321.77,03,252.36,03,9900.00,99,9900.00,99
1998,2,28,14,55,603.61,03,703.49,03,202.77,03,9900.00,99,9900.00,99
1998,2,28,15,0,496.20,03,588.38,03,172.51,03,9900.00,99,9900.00,99
1998,2,28,15,5,600.08,03,843.31,03,148.34,03,9900.00,99,9900.00,99
1998,2,28,15,10,610.59,03,835.79,03,177.72,03,9900.00,99,9900.00,99
1998,2,28,15,15,561.39,03,757.89,03,176.08,03,9900.00,99,9900.00,99
1998,2,28,15,20,540.74,03,662.40,03,203.85,03,9900.00,99,9900.00,99
1998,2,28,15,25,582.21,03,684.98,03,249.84,03,9900.00,99,9900.00,99
1998,2,28,15,30,305.70,03,242.10,03,182.48,03,9900.00,99,9900.00,99
1998,2,28,15,35,298.47,03,312.31,03,153.62,03,9900.00,99,9900.00,99
1998,2,28,15,40,258.52,03,145.66,03,194.98,03,9900.00,99,9900.00,99
1998,2,28,15,45,161.78,03,-1.99,03,146.24,03,9900.00,99,9900.00,99
1998,2,28,15,50,296.84,03,289.05,03,177.55,03,9900.00,99,9900.00,99
1998,2,28,15,55,147.94,03,4.94,03,147.25,03,9900.00,99,9900.00,99
1998,2,28,16,0,372.46,03,568.40,03,143.70,03,9900.00,99,9900.00,99
1998,2,28,16,5,287.05,03,218.41,03,196.86,03,9900.00,99,9900.00,99
1998,2,28,16,10,329.20,03,375.48,03,180.64,03,9900.00,99,9900.00,99
1998,2,28,16,15,162.02,03,12.50,03,156.57,03,9900.00,99,9900.00,99
1998,2,28,16,20,381.56,22,692.28,23,155.19,23,9900.00,99,9900.00,99
1998,2,28,16,25,402.08,26,752.31,27,172.09,27,9900.00,99,9900.00,99
1998,2,28,16,30,353.77,18,726.82,19,133.79,19,9900.00,99,9900.00,99
1998,2,28,16,35,294.42,10,572.35,11,125.93,11,9900.00,99,9900.00,99
1998,2,28,16,40,283.72,22,625.04,23,114.92,23,9900.00,99,9900.00,99
1998,2,28,16,45,251.52,26,690.09,27,75.22,27,9900.00,99,9900.00,99
1998,2,28,16,50,240.86,22,677.37,23,75.77,23,9900.00,99,9900.00,99
1998,2,28,16,55,181.10,03,435.62,03,78.08,03,9900.00,99,9900.00,99
1998,2,28,17,0,199.90,14,547.81,15,77.63,15,9900.00,99,9900.00,99
1998,2,28,17,5,185.95,10,578.24,11,64.07,11,9900.00,99,9900.00,99
1998,2,28,17,10,141.60,10,453.52,11,52.19,11,9900.00,99,9900.00,99
1998,2,28,17,15,133.84,10,464.18,11,49.68,11,9900.00,99,9900.00,99
1998,2,28,17,20,67.42,03,155.02,03,41.09,03,9900.00,99,9900.00,99
1998,2,28,17,25,30.59,01,-1.32,01,30.55,01,9900.00,99,9900.00,99
1998,2,28,17,30,27.53,01,-2.80,01,26.75,01,9900.00,99,9900.00,99
1998,2,28,17,35,31.38,01,-3.23,01,28.37,01,9900.00,99,9900.00,99
1998,2,28,17,40,17.66,01,-3.36,01,15.77,01,9900.00,99,9900.00,99
1998,2,28,17,45,14.47,01,-3.34,01,13.02,01,9900.00,99,9900.00,99
1998,2,28,17,50,14.68,01,-3.25,01,13.19,01,9900.00,99,9900.00,99
1998,2,28,17,55,11.83,01,-3.26,01,10.31,01,9900.00,99,9900.00,99
1998,2,28,18,0,11.83,01,-2.94,01,10.51,01,9900.00,99,9900.00,99
1998,2,28,18,5,8.75,01,-1.20,01,7.98,01,9900.00,99,9900.00,99
1998,2,28,18,10,6.15,01,-2.77,01,5.75,01,9900.00,99,9900.00,99
1998,2,28,18,15,3.53,01,-2.83,01,3.38,01,9900.00,99,9900.00,99
1998,2,28,18,20,-.46,01,-2.82,01,-.82,01,9900.00,99,9900.00,99
1998,2,28,18,25,-.43,01,-3.14,01,-.89,01,9900.00,99,9900.00,99
1998,2,28,18,30,-3.19,01,-3.48,01,-3.65,01,9900.00,99,9900.00,99
1998,2,28,18,35,-5.21,01,-3.47,01,-5.52,01,9900.00,99,9900.00,99
1998,2,28,18,40,-5.79,01,-3.55,01,-5.99,01,9900.00,99,9900.00,99
1998,2,28,18,45,-5.80,01,-3.47,01,-5.94,01,9900.00,99,9900.00,99
1998,2,28,18,50,-5.41,01,-3.32,01,-5.48,01,9900.00,99,9900.00,99
1998,2,28,18,55,-5.48,01,-3.14,01,-5.52,01,9900.00,99,9900.00,99
1998,2,28,19,0,-4.99,01,-2.87,01,-5.16,01,9900.00,99,9900.00,99
1998,2,28,19,5,-4.59,01,-2.71,01,-4.80,01,9900.00,99,9900.00,99
1998,2,28,19,10,-4.32,01,-2.70,01,-4.33,01,9900.00,99,9900.00,99
1998,2,28,19,15,-4.39,01,-2.70,01,-4.42,01,9900.00,99,9900.00,99
1998,2,28,19,20,-4.81,01,-2.70,01,-4.90,01,9900.00,99,9900.00,99
1998,2,28,19,25,-4.18,01,-2.69,01,-4.13,01,9900.00,99,9900.00,99
1998,2,28,19,30,-4.00,01,-2.65,01,-3.80,01,9900.00,99,9900.00,99
1998,2,28,19,35,-3.94,01,-2.68,01,-3.69,01,9900.00,99,9900.00,99
1998,2,28,19,40,-3.78,01,-2.61,01,-3.71,01,9900.00,99,9900.00,99
1998,2,28,19,45,-4.41,01,-2.63,01,-4.50,01,9900.00,99,9900.00,99
1998,2,28,19,50,-4.98,01,-2.64,01,-5.10,01,9900.00,99,9900.00,99
1998,2,28,19,55,-4.70,01,-2.68,01,-4.67,01,9900.00,99,9900.00,99
1998,2,28,20,0,-4.58,01,-2.61,01,-4.64,01,9900.00,99,9900.00,99
1998,2,28,20,5,-4.28,01,-2.54,01,-4.23,01,9900.00,99,9900.00,99
1998,2,28,20,10,-3.56,01,-2.44,01,-3.59,01,9900.00,99,9900.00,99
1998,2,28,20,15,-2.86,01,-2.35,01,-2.93,01,9900.00,99,9900.00,99
1998,2,28,20,20,-2.84,01,-2.32,01,-2.79,01,9900.00,99,9900.00,99
1998,2,28,20,25,-2.88,01,-2.34,01,-2.81,01,9900.00,99,9900.00,99
1998,2,28,20,30,-2.46,01,-2.25,01,-2.77,01,9900.00,99,9900.00,99
1998,2,28,20,35,-2.50,01,-2.33,01,-2.77,01,9900.00,99,9900.00,99
1998,2,28,20,40,-2.87,01,-2.44,01,-2.95,01,9900.00,99,9900.00,99
1998,2,28,20,45,-2.95,01,-2.39,01,-3.03,01,9900.00,99,9900.00,99
1998,2,28,20,50,-3.08,01,-2.44,01,-3.22,01,9900.00,99,9900.00,99
1998,2,28,20,55,-3.22,01,-2.39,01,-3.48,01,9900.00,99,9900.00,99
1998,2,28,21,0,-2.95,01,-2.33,01,-3.14,01,9900.00,99,9900.00,99
1998,2,28,21,5,-2.91,01,-2.35,01,-2.94,01,9900.00,99,9900.00,99
1998,2,28,21,10,-2.91,01,-2.33,01,-2.84,01,9900.00,99,9900.00,99
1998,2,28,21,15,-2.95,01,-2.31,01,-3.14,01,9900.00,99,9900.00,99
1998,2,28,21,20,-3.05,01,-2.30,01,-3.38,01,9900.00,99,9900.00,99
1998,2,28,21,25,-2.95,01,-2.32,01,-3.06,01,9900.00,99,9900.00,99
1998,2,28,21,30,-2.67,01,-2.26,01,-2.78,01,9900.00,99,9900.00,99
1998,2,28,21,35,-2.22,01,-2.21,01,-2.34,01,9900.00,99,9900.00,99
1998,2,28,21,40,-2.41,01,-2.26,01,-2.77,01,9900.00,99,9900.00,99
1998,2,28,21,45,-2.64,01,-2.26,01,-2.78,01,9900.00,99,9900.00,99
1998,2,28,21,50,-2.72,01,-2.31,01,-2.81,01,9900.00,99,9900.00,99
1998,2,28,21,55,-3.09,01,-2.40,01,-3.32,01,9900.00,99,9900.00,99
1998,2,28,22,0,-3.53,01,-2.28,01,-3.57,01,9900.00,99,9900.00,99
1998,2,28,22,5,-3.70,01,-2.28,01,-3.65,01,9900.00,99,9900.00,99
1998,2,28,22,10,-4.31,01,-2.35,01,-4.38,01,9900.00,99,9900.00,99
1998,2,28,22,15,-4.62,01,-2.38,01,-4.74,01,9900.00,99,9900.00,99
1998,2,28,22,20,-4.74,01,-2.28,01,-4.68,01,9900.00,99,9900.00,99
1998,2,28,22,25,-4.75,01,-2.20,01,-4.59,01,9900.00,99,9900.00,99
1998,2,28,22,30,-4.44,01,-2.01,01,-4.37,01,9900.00,99,9900.00,99
1998,2,28,22,35,-4.37,01,-2.10,01,-4.40,01,9900.00,99,9900.00,99
1998,2,28,22,40,-3.67,01,-2.05,01,-3.69,01,9900.00,99,9900.00,99
1998,2,28,22,45,-3.19,01,-2.05,01,-3.40,01,9900.00,99,9900.00,99
1998,2,28,22,50,-3.53,01,-2.06,01,-3.63,01,9900.00,99,9900.00,99
1998,2,28,22,55,-3.79,01,-2.10,01,-3.95,01,9900.00,99,9900.00,99
1998,2,28,23,0,-3.47,01,-2.03,01,-3.57,01,9900.00,99,9900.00,99
1998,2,28,23,5,-3.64,01,-1.91,01,-3.57,01,9900.00,99,9900.00,99
1998,2,28,23,10,-3.54,01,-1.89,01,-3.60,01,9900.00,99,9900.00,99
1998,2,28,23,15,-3.56,01,-1.97,01,-3.58,01,9900.00,99,9900.00,99
1998,2,28,23,20,-3.08,01,-1.93,01,-3.27,01,9900.00,99,9900.00,99
1998,2,28,23,25,-2.54,01,-1.82,01,-2.78,01,9900.00,99,9900.00,99
1998,2,28,23,30,-2.73,01,-1.81,01,-2.83,01,9900.00,99,9900.00,99
1998,2,28,23,35,-3.36,01,-1.92,01,-3.52,01,9900.00,99,9900.00,99
1998,2,28,23,40,-3.26,01,-1.93,01,-3.52,01,9900.00,99,9900.00,99
1998,2,28,23,45,-3.16,01,-1.91,01,-3.44,01,9900.00,99,9900.00,99
1998,2,28,23,50,-2.98,01,-2.01,01,-3.22,01,9900.00,99,9900.00,99
1998,2,28,23,55,-2.99,01,-2.01,01,-3.41,01,9900.00,99,9900.00,99
1998,3,1,0,0,-2.58,01,-1.93,01,-2.85,01,9900.00,99,9900.00,99
